2917509
9256701
5283000
7898348
1027644
5479641
3831736
2002568
2082918
8958839
5898851
5025474
6834282
1993829
8335389
2964873
4533967
7785673
1235232
8284403
2627862
4515137
1290572
4161053
5550255
7556473
2646918
5418711
3180820
1894798
7093686
6588147
4004820
1377125
7772257
3260483
5329710
3927101
2667038
7134931
4942324
4399400
6926926
9593965
6956262
2186713
9747297
3853580
1424503
3544025
1674365
3412481
6352667
7150726
3975402
7378465
3629363
4304122
3624138
7441868
5065605
3899630
4754638
5260062
5116215
1388711
7349552
6048089
2318841
1689178
1506373
7392881
7367737
5834207
7506595
4909099
8320214
6654601
2466985
2501497
1073531
6995755
2601724
5637093
7935553
8668667
7963865
2699437
8768917
9061728
4816556
3326784
7898567
2558139
7119289
1138661
8472471
4710918
3522832
2268974
4916576
1908494
3378374
2346757
8211325
6251705
6774729
2670387
8528341
1024741
5955180
2609013
7110737
3065754
8598138
9033393
9502106
9586498
7183305
5236297
2980644
2723298
1208407
9732526
9145875
3152183
8842612
2433055
1948865
4656452
7535227
9933971
2132828
1563328
8405852
2544149
4336169
9644371
8427888
4622092
6567009
6013483
5072798
9841828
6947494
6025175
3977853
8915600
1659574
1610680
7667569
3637783
5002094
4901652
3081783
5633269
1762294
6244897
3643947
9960471
9293982
3436120
6947495
6781883
2963684
7939617
1885987
6558683
1398506
5065634
9565745
1539408
7973536
6187677
7458928
6491167
4510009
3386899
3601177
9982184
5476307
5693936
2317651
7255471
2492488
1316550
5659680
3963539
5353134
6647074
9748812
1559607
8025478
6376566
6383025
9995957
5358227
8906359
4365154
3127884
1640182
2432007
5844914
5109750
1465048
8720515
2991259
1582339
2113573
3569417
8474349
7274510
3118084
9430769
6966791
5661084
6995163
7762848
9697609
1837909
3992900
8060428
9204715
8080828
1359902
5033042
6666545
7481487
9071998
6775411
3814376
9284026
2728826
9727001
1905921
5461846
7823146
7633315
2157234
7122861
4306205
1620371
6921558
9362859
3793319
3612698
7135314
1151964
3050468
1133453
1504860
6434169
2190020
8129028
1564420
1955910
8080101
4355745
2732956
5462351
8226616
8444208
7713721
2327619
1934738
6609952
5031630
1282798
8404162
7501622
5341389
7480174
7174884
3274918
2291400
5563533
7608390
1649436
9650800
3161598
1782661
3043563
6832636
2469850
6525754
3086437
1853496
6431839
3447579
7622984
6551551
8573190
3305413
8809780
1118630
3907361
5729566
5031971
1343590
7658882
2454594
8990403
3733042
3531243
2370420
6860916
5196650
2738836
3292355
5622743
6075388
9073008
3766274
1781782
8793470
3406406
3548009
6053313
7986592
3600235
6494951
7707932
9474637
9475593
3094074
2954763
8810102
3565377
2553574
9613043
9930467
5958584
4369672
4297572
6727955
1335521
9685611
4400517
8720698
6256791
7687862
7445755
2719387
2096344
9273941
5161610
7921292
3459430
8111322
2590980
5720187
5949374
8382360
3112424
7593501
3147891
1259122
7236305
5093499
5264570
5515520
9922572
3902238
4983771
9472210
1934627
1661823
9568268
4406475
2220144
1632810
1149918
8897342
1582989
2593264
8746711
3097892
3846592
9909892
5839366
3621832
6829557
3254533
6314126
7334159
5873123
5200121
9439372
2958420
1328618
5828806
3264133
4520446
8070365
7684739
2022995
7830699
4322080
4168233
8975385
9488032
8253931
5868915
9864561
6063102
3883991
2314831
1952118
1665178
2352415
5849832
1455584
3979709
2731800
6104239
1986888
1635918
2175046
5454544
8327893
7353591
9612272
8253127
4572884
1085052
4413953
9363104
4855208
6643655
4330250
5457656
4271345
3362333
6815509
3441931
8290548
4401171
7612517
3033730
7132717
2623542
6615158
2821486
8869409
4568214
9139321
2911430
6916544
7867820
9079627
4282149
2016594
2930171
7247673
4830209
1398720
9898542
4978828
1522915
1723253
6547684
8808937
4034202
4415219
1744055
5139902
3204480
1332880
7480896
4921026
1269297
6473301
7799008
7984875
9487220
2706169
1759345
1914755
3480486
5487141
8641002
9659537
7490957
1526729
2763039
3070972
4974513
6160656
8430294
4027500
8569559
6352018
9441723
8147641
5199242
7270141
4557889
6323127
2405869
6997690
7977420
3416524
3459809
2265455
4531462
8510618
2354916
5254662
3964362
9758999
4076163
3455596
5227812
1637064
4184270
1951673
3884781
1909165
7826842
2042970
9496746
2653456
9378610
1897726
8392713
1660950
4515128
4002500
9493198
9922198
9180708
8729279
2261997
4860037
4303930
6493257
1365742
6821624
4979794
5586852
4766202
9506760
9644656
4623122
8564717
2903444
4945844
1455329
9866441
7348593
3504692
6991660
8212500
7226784
7575654
8018716
4758316
9999289
3356001
1300900
8017389
9333159
8518621
9428833
1767156
5912290
8508294
2595886
7982348
7026880
7481810
4080155
5577193
3985908
7486808
2880008
5990185
9068262
3742559
1238778
9961413
3418645
8012336
3827302
8920375
8248079
8867267
2902891
9751053
7272788
9210942
2632709
6328487
2478430
9383228
6721845
2303502
6307223
7732755
9805046
8375144
6723142
6303478
1864782
7929041
8754797
3362061
1934276
3882836
2572742
8232473
7645418
2925016
7242017
8996766
1310097
6759951
7569701
1886955
4253612
1996053
4334373
3214809
6175101
6185889
2430299
8252617
3478234
7428638
1420353
9890849
2740413
4143227
4881875
6501869
3760521
3247752
2869478
8945366
2570776
3904136
8632562
1357188
3205851
2936484
8347202
4431878
6405783
6123851
3393446
3924508
7052271
9469188
4090168
4879727
7639419
6976172
5977965
4809326
9587571
3575354
1997080
2329747
8078475
7244777
2533714
6613171
1684306
1853590
8109664
3372258
6601510
1364517
3215580
8761677
6630420
7575445
8406438
7782266
8261118
4619334
9872814
5966923
5000001
5321362
6322718
4303212
9014783
3185191
6506457
4385014
6297624
3685466
6408142
7892707
1358333
6285412
4111414
6092408
5735435
3049994
3173224
7182367
7824390
4747158
5940351
9467846
1931958
6517453
2630405
8142365
6898206
9740471
1263235
1104233
1018489
5629275
1369666
8927337
6576171
4518462
7750857
2936727
2620840
8213107
5911580
1683751
2833910
5887259
4210976
3201186
4730137
8858777
6874836
2422676
8805991
2887801
7278177
4378061
7684107
7106708
8329599
1748968
7638829
3661792
6213755
3330432
8539690
3498707
5528569
6440655
6427752
9954184
3215190
4350826
9832215
3253925
8747833
8621101
2719997
8349650
8450636
7562079
3114763
2476578
7215121
4292066
6468595
8596172
4111841
8644097
6184132
1260363
9097418
1275979
6435591
4084119
7142548
6333554
2076870
3263777
1725133
9408974
9726086
8432148
4284835
8605130
4895467
8017739
8088194
1716224
3746507
3339828
8900311
3130974
4952371
7472741
7738132
7471481
9813519
3308895
9572999
1712778
1900755
2708444
8179340
2263430
9707799
1795160
6977685
4079495
3563400
7205586
1034366
5993702
6794694
7406278
7567888
9717407
8282661
3758614
3257406
9189436
9410063
4944966
1972837
7534888
5950622
7584580
3450411
3687329
7755125
6816678
2089783
6382315
2244802
5775255
7766624
5070238
5540496
9932391
7052117
3856344
2987586
6330066
1522077
1264051
5107783
8817972
6275036
6383098
7335760
8886921
1059068
4318311
6165925
4864734
8777145
8458421
8557080
3006726
8472941
2869738
4623521
8445675
8860890
3306084
7008537
1910216
5136736
6961046
7685958
2984509
7404050
2882171
5505656
2147641
5977705
2620601
8766076
6798998
9537254
4430271
2573695
4111878
2617585
4041287
3102453
9371311
3737938
1277390
5477918
5845358
8247243
3278325
4798956
7005366
1268044
8327715
7893073
4117811
8746146
4610533
8217977
3202104
4271183
7313700
8627118
4401760
1870337
7373389
6646799
1456669
6523108
2012671
1008541
9631885
1933735
3172291
9580760
8018404
4586127
9885835
8005657
5562782
1380409
2681441
8570182
6746329
9394785
7231396
4697329
2303185
2791216
5648120
7775769
6504473
8257674
4620553
1310742
6298028
6640429
1432328
2722679
7399010
1699304
7147680
5683665
1774267
5547681
1086338
1280049
2586375
4108612
2724159
6371899
5677361
8265119
5971055
6890549
5735737
2721532
3723807
9085586
9958948
7776025
8345241
9139088
1859410
8005351
6908571
2181933
9754028
7807059
1091455
6724808
7570678
6374493
9751328
1303398
1753930
1711906
2105176
9684960
7027699
8104404
5637528
3304472
1845158
3287707
3714611
5498731
4604822
4137477
1069218
7902618
4368691
9581162
8495050
8115264
4377150
2396190
4578845
6626481
3819795
6462877
1851144
1163749
9060019
7369605
7851082
3768470
8706252
9066026
1429745
9900892
4792952
4119130
8970694
8406840
4714116
2478917
1962423
2219769
9546421
7765958
6175350
2844594
9265421
4527480
1396726
4613423
7868303
2146491
8679975
9662294
2148628
6223399
6663484
2390698
2299192
6472930
5463699
9363927
7974184
8167424
7527350
6886717
5021702
9121807
3696557
3471264
1934190
4298880
5412582
1548884
7641584
4175924
3709392
7353768
6539966
2661470
3627269
2006774
8227842
2013630
4765763
7957175
8815143
5438735
2160040
1048466
9065750
8393867
6923316
5004234
7293058
9703939
8014844
4035061
7169317
4760144
4039760
5109866
1455290
4237045
1551121
3453918
4831071
8709822
7072624
2017320
9310640
1745633
6766506
3634198
3767521
7542955
9722059
2393206
7890925
3341066
9872016
5675835
7194645
4787271
1556982
4288473
5733727
1358799
9314579
9176105
3889447
7475944
9901670
3084358
9996540
7449773
3792866
1866757
7384670
8735033
1853359
3410290
9744141
5929505
3957670
7482889
7107406
4726870
9924267
4729350
9486579
3313868
4247267
9434098
5984849
8697581
8660547
7875025
5123336
6334724
1447731
1921707
9851427
1107936
1897396
2221860
9818297
1523469
9682328
5197554
2389537
6716849
9924402
9732692
3002265
5042072
4938251
6312799
3284885
5772873
3829685
7989341
6879714
1067772
9219714
3617181
4370948
9566197
4083546
1985715
6635878
6908265
3259413
9275151
8219662
8606448
1018393
6584830
9779164
8577228
6775946
7096456
7133865
5109957
5217412
8240214
1072633
2967829
4475918
2682754
3256242
2666266
2481920
5076163
8693921
8963647
6990857
3874658
2380923
4809903
3003266
2477981
6510424
3740673
1636809
6154544
2458832
7003791
8443712
5841787
6337999
6050594
6011268
7134485
6391926
9545513
5279165
7663726
4548490
7974173
1701175
4285807
6045329
2495360
8863913
2425601
7074940
9283048
5817573
1301449
8093837
7975200
8753503
8793056
7443202
6638069
2256119
8280325
4382084
8968853
4779610
5641872
4295182
5870631
4153337
8438700
8728198
4521881
2056815
4563425
2482721
5283792
9562527
9288311
9247980
3527748
8828029
8500199
2883174
8939070
4303383
5279918
3771437
6512313
4558621
6048988
7469015
8360753
7190399
1771003
6244212
6942468
2838721
1390209
5232001
5496238
8699459
8358142
9072129
5070518
5995451
4465064
7156604
2130954
6222957
5354431
1867246
3597724
4319211
9910036
3596715
4789337
2929619
3092311
5426143
1382477
9589015
7395279
7569811
2692804
8914863
5560586
1557712
8700019
3252725
5421656
7946454
7666555
7360724
7621264
1021658
8845464
1638087
2380118
7441003
4320814
5538443
7500336
4763813
1750081
3322575
2087836
9709564
4182437
4488938
8538102
8686131
9037620
4940588
9555970
1648231
4015467
8185790
3410891
9493545
6690255
7495229
2671048
8416610
9405142
8307720
9429260
5314433
9537036
7376725
1417404
3993394
5253208
5558843
7314174
1255004
7773973
3098945
6662220
4303736
5403112
6104900
2809941
4701260
3325004
8029967
9408498
9462387
8409119
7125499
1961682
2073738
9742441
2207983
8831058
8748814
7433101
8999253
5243140
1012797
2523330
7427963
4546949
5283469
9638012
8893586
9624427
2095105
3701511
1306746
6768548
9621336
3297051
1768607
7884960
6320364
4120107
4892185
1954612
9014573
2907441
5657576
1782819
9649977
1486032
5711975
4237322
4657940
3076324
8470509
8093678
2356638
8549818
2902118
7844135
9182269
8679123
2927726
5745755
6074014
1310578
1910352
2700575
6185681
6891859
1525459
5103845
8230159
5423935
4948776
4682597
6020246
1408545
1113871
3446537
2281641
9133238
5139846
7806775
2478624
3830413
9722692
9344627
8476203
3218746
1670413
1525623
2991341
7923674
2681859
4574120
6770920
7030503
8131813
3067469
3426012
6408075
3105756
4168223
6287968
1903828
8874818
3734997
8884826
3055529
4701441
8521941
4679395
6347060
1790391
7154220
7613851
3280624
2996068
1560112
4857816
2993819
6193225
9133098
6358169
1497034
7057955
4403901
5113761
9770037
4449382
9544453
2779127
8650035
1881314
9885494
1664682
7516932
6037643
5263980
3630638
4122347
9829494
9913694
6665261
4705162
4642599
5505592
9082229
4089575
9908535
3847163
7698217
9777165
8252175
8317645
9491227
6071904
4177462
6315836
9939556
8011804
1598834
3446620
1578488
5190723
1398309
4879915
9542812
4106308
1468176
1472352
5003188
1828766
5529065
7271019
7008289
4091352
7169613
5124263
2041083
5122461
1663590
4667651
9226741
5391567
2656426
1155906
7084042
2883126
6810003
4630234
2859285
2845976
6559380
8435291
7586357
4258417
3651407
6921770
3664986
3045613
4602947
8074930
4635143
5385290
9195157
6710105
4683311
2104980
1681464
2899461
1176826
7562507
8797616
9509721
6771563
4485963
8657358
4343863
8213011
9144712
9075028
6939736
8724528
1344502
5976538
8581881
1710022
4041245
9994413
7508889
8252154
3685761
9582843
8859653
8228987
6561212
2870756
1683043
8969536
9194685
1925212
1301785
6993603
2611802
9341369
5073466
2470400
5644707
2093863
4436082
5945872
6005031
3408867
7825462
2862519
3302981
3887149
5963966
3898261
2829585
9276179
7149359
3114502
5293776
4991460
4069273
3306983
9867980
2447068
1757128
7827432
4602050
5185015
5912443
1998371
5117093
7261791
6679213
8650508
3669358
7558517
8705704
6112784
5865779
9278684
5013457
8732016
8987174
6188390
5155794
8878301
3537131
4677438
1785169
6566201
3164637
3831137
5124847
5710920
5796377
4475952
5184737
5997577
7613289
3089573
7294052
5575412
8871640
4528094
6481120
1875530
9897456
6214943
5560582
5404833
5233775
5696906
7285935
8630972
5209093
6106608
3461998
8899657
4967747
2387751
2715143
5599721
8960919
9245408
6851039
1842586
4809229
8294548
1232225
6120869
3472449
4640767
7780396
6906960
3062004
3499772
5047968
8710079
9951161
3189589
1799400
1866096
1512912
3675685
7786379
2033163
4837131
8267184
3742508
8628116
1545644
3085739
6200243
8118271
2020078
8344957
4009999
6102152
1174500
6700012
2305338
6490963
8277555
9904397
6943781
7779245
2986927
3632781
6437200
2096365
4275565
8777030
5836350
2960545
2199258
9542763
9604844
4543062
4139153
6022404
2740677
3935179
3642123
9874247
7942957
4383814
2842437
7393983
9456060
1644358
2301831
4977882
1560721
6534704
4164023
1856291
2025372
3343812
7334565
2498539
1292024
3698107
9803161
5135345
5607309
2902925
4882947
8144493
7075356
3673231
7492720
8780526
3987974
6100734
4292003
5765752
9417303
2210372
9924698
9580874
5191669
1820363
7925540
5047771
7504961
1257867
7101218
7165997
3800237
1476587
3109573
6986857
6323336
7452692
9116847
8541931
9762232
3625053
5781956
3034676
1243501
5330330
2023035
3343523
2900680
3664969
5762170
1326210
9674030
9433065
4343931
5369432
7438515
6878704
9924209
1548010
4145815
6633236
6308971
7765301
1335068
2492777
3320255
8694425
7262005
1625006
2988770
2563871
5691872
3825993
7035618
8767110
1862461
4369997
9906267
9551361
7987813
4377831
5940700
9875972
8217855
4351853
5714291
9145984
7780471
6544190
2151686
6691672
5952744
7486514
8697782
3838328
9309253
2200095
2976488
3180974
1792075
3769272
3217617
5751795
1147422
5281243
8820543
6845879
4622278
3458878
4195957
1046188
3061624
6946283
4225540
9239786
8928313
9059531
7054107
8198625
5340975
1654604
8665022
2281270
9931906
1966188
4308210
4197896
4246595
6250704
6733999
7447365
2267509
7527187
9415078
6084621
1271499
3323791
6542269
1527448
5355560
3288272
2490911
8444455
1643824
8497593
9369918
3412001
2147262
5530538
9845705
5048502
1474798
1356961
9157378
7050154
9464561
3794528
3463961
1620217
4737364
1116363
4626331
4025200
1175569
2106413
7342176
7317434
2304214
1062934
2668895
7512546
4178129
4204918
6947276
3655217
5055355
4298825
7632972
2015402
5010081
1312417
7392703
4608412
7159213
6529162
3542819
3114363
6151731
4247847
1754207
6460732
7125879
5967294
8230380
2637220
1207051
6236715
9434190
4382625
5456578
3443907
6597058
6100299
2431368
8557473
7679412
1039787
7245773
1111919
3629666
7108833
7132282
9272362
3656845
8088405
1371021
8079826
6927147
5421874
8430807
3184403
1118330
8416853
8308323
5257976
7901792
1702241
2176874
6538643
8679200
4639775
3673105
2867952
1606560
5579506
4284537
5193091
2435024
7146501
4538709
3424580
7525689
6788080
3624680
2926168
8682933
9611173
1185001
9030625
6950810
8428253
4605747
8811059
1084549
3390561
7328674
6076808
7020523
5225004
4117802
3051569
1840129
6499051
1162253
3444034
4637170
8496911
9441631
7783555
6230489
7282282
8949840
3690750
7302142
2376151
9708329
2377619
7968115
4696129
6177414
7389451
3436358
7720343
1827800
1478420
5497653
8454079
4484841
3194548
7484446
6977332
9504325
4505601
5914831
3330403
6594717
4212044
2034584
4521804
3607379
6191360
6042493
4137271
4733409
7284187
2874958
8968883
1289102
6392048
2334670
7276144
6161775
1677326
7793546
4978465
9196756
4786555
2287127
1816628
6235876
1364520
3659697
9805115
5912726
4619852
1477453
4669133
7888007
7615150
8130892
8320393
5716325
8449418
8856879
3407267
4191191
9984098
7787298
9078483
5930313
3115172
4927020
2883132
8429240
7154803
8296954
8968307
3048697
2782641
9566657
9459536
2511116
7166521
9278521
5900247
4991235
5049142
5480269
8614515
4222206
2372006
6539216
4318972
8949535
7723029
5122817
5854515
9730336
8200800
8573227
9902874
3072483
3579820
4803590
2696753
4833129
3355758
9878956
5569823
1987655
5722919
6281148
5126588
7021906
7390400
1557096
4293790
1317516
8475398
7451482
9927484
4849319
5650931
9588053
5002832
4673684
2015619
6572553
8956626
3774627
3308310
2262010
8221002
8625762
6546336
4987084
5254519
7049238
5286015
7767318
5490619
1534055
2866827
4638257
3246390
5323737
4555477
2792772
6322028
6007638
2687619
7415749
2881531
2288307
5048989
9245868
9159262
7170672
4482508
2113755
1125881
4730097
6969217
4031737
2644938
6826533
6826693
8584937
5669065
1510811
6321976
6667463
6125456
3793998
7182201
9736947
3028526
1798032
5762322
1576301
4960334
5207922
9857771
8083073
9458241
8110752
2408285
9673996
3980846
9998036
1321670
4920850
8761978
6143937
5246768
6598685
2554621
1031553
3750799
7777913
2732029
5050419
2311432
1170947
5692188
3489299
5560731
9915359
7133618
5462902
8328231
3698593
8889219
5154863
3264776
7257832
3099864
2308152
5255532
2115531
8964963
4249142
2054871
6242976
6147860
6197363
6283713
8630164
1309870
7379878
7270859
3834196
6727634
5494839
5327471
6238599
3970920
9366569
3262318
9660873
9563006
9746522
9242947
6305524
1128579
1406708
9673030
4349510
3523599
8640675
6423723
3745033
7009422
4763219
7556410
2621411
1424442
1671554
3764185
7549606
3148856
2198821
6225222
5947390
1475990
5863280
1951362
9975454
9548459
6817574
2739041
6988597
5128887
5845137
9734426
8064931
2577087
1253998
6054310
4067684
1904973
6889734
9040938
2480753
4411119
5956533
4024495
9991320
1684371
6418085
7003895
7664139
2530558
1422327
8607726
4873651
1566768
5521028
9662266
4443547
4316758
6128366
1412730
2869962
3404320
8926726
2270906
2745398
9454482
6977623
3665269
9091967
9227953
6036331
3188705
9329051
2742489
8183804
1458692
1455235
5295799
8666130
7822412
1365435
6872297
8429087
8963033
5793564
9035893
8235048
9095361
8082467
1100648
9759483
4956147
6968543
8469449
9852028
9490952
9870017
9459588
3806635
5248225
6168748
3943279
6861836
1690788
5698210
3893829
3023914
1014928
7447363
2472478
7891340
9975077
6272847
7396034
4260254
8354531
5212877
1405717
1592279
3301721
9068283
1481452
8352094
8659852
4158676
6405473
6570985
3992320
1693048
9099958
3291587
7261012
8560972
8163045
1863867
8428874
2330313
1391552
7830651
4391867
4286610
8045957
5074415
6659945
6630604
9055918
5503154
7886797
9143370
4167177
7830617
7150148
7296216
2936461
8249966
3955131
5756718
1929018
5610470
1501825
7724549
7481471
3575735
8481259
2789282
1279367
5471709
3152400
5520349
2490353
1584587
7878291
1890306
7442852
8816037
2146378
8564619
4477514
1899566
2945782
2035038
1946061
1326807
5117962
6990989
7212672
5630219
2735572
9397572
2468466
7251971
9438446
3214142
2325845
8371938
8488864
9705005
4704836
9427559
9475682
8076032
1423776
9811262
7810068
8393765
2442213
3409503
2668197
1104055
8181640
3983087
9620769
4686107
8054172
8275417
2360667
9000670
5693553
5809911
2878439
4146046
1623967
5359919
4927638
3346978
4216081
7196017
7211385
5578468
4548215
8062305
1622608
6889466
5522474
5127940
4455445
7532956
9914350
2580387
4229411
4938618
8630675
1836031
4065445
7875616
4086537
5977143
4116930
1050774
3281096
3856306
2527012
7704706
1800099
3893403
6506825
7935589
7915466
9348758
7410849
7360552
2244952
8764843
9191193
4811291
1891379
2627554
3858072
5275835
1570097
2896697
6159557
2742660
7691673
9472074
2428708
6410327
6429489
4643677
7102342
6873291
3645918
6288791
9169821
7537339
7296503
5709832
8269824
3022803
3349152
9971940
2576007
3183621
7805918
5795239
4560346
2722801
1882785
2323525
5757920
1977473
4681351
4092559
3797620
9204314
9412786
7590351
3868242
6670697
4647679
4958688
6203475
9715940
6447916
7085309
5061230
5652023
3741520
1918103
7982872
4906690
8433765
5678326
4416029
3318876
7235360
6506577
6504104
5989731
9034972
3387161
4276705
4127879
4718597
3701235
8532848
9200962
6242207
9216341
6462679
9641229
2958360
5007575
2908751
3687727
8305620
8191505
5052630
9191636
3614418
3287518
6771087
7568034
4545852
6179104
9446433
7296744
8938491
4951461
7765612
4659852
3054428
8673568
5258790
1885275
9462904
1460049
4762580
8493074
9220847
4316148
9297857
4422689
4818757
1891607
8409016
2957804
6341367
4226188
5794198
6078011
1039178
3211263
9872507
3738756
8590501
5830397
6977375
7320044
8011992
7812188
3951187
5427649
1258932
8434066
9875063
1994128
2603353
2979196
9936038
9704412
9235553
4020549
8036443
1631470
6448997
8630590
8862575
6412938
8354049
9805823
1921733
8928215
9814314
1773439
8582978
9456294
7098979
2066224
6180467
4924611
4454840
2811231
5978289
8039037
4571046
6269611
7262201
5297093
6395051
2944304
6943281
4618568
1394917
1046905
5045955
3148647
4295069
8219090
1821088
9594893
7720205
5526108
3863305
2303594
2967605
5984055
2456902
8918759
8353247
2281563
3560500
4737902
6545317
1798118
9952386
2801640
2022146
2181759
9269903
9225192
8375480
8332595
2611488
9969863
9901698
3677733
4013331
1982146
3445105
8974142
1103870
4044537
2043766
9812355
4444250
7060475
7385159
8565531
2975481
5159298
5471738
9294696
6857835
9755130
6744372
4924258
5351717
8785334
6134749
2769513
6872653
5099485
8284506
2207240
7152691
3583720
9558458
5791211
8489990
8254535
7394167
4153354
5217018
2575384
1051240
3771809
2006468
5813855
5620618
6475666
2551035
8371019
2830023
7032900
7866625
1285951
3561438
5122459
8659393
8610076
7022180
4433179
9904855
2725099
5187368
3677867
9604993
7196608
8240852
1680797
6214980
7458530
4395149
8643315
8655791
9013418
7908055
2989279
1845921
9718185
7120832
6318158
5197681
1847299
7522412
8265257
2834418
2926043
5042789
8498092
9021778
8550619
9022070
8456314
8842520
7708498
8169000
9894058
8662736
9502943
4032425
1962061
4486953
9424816
3541696
3589261
6545960
9205786
4409117
7403941
6973149
9146031
1793307
5126649
6230067
3668076
1531510
4056100
9531355
1300805
8395086
7753600
6036254
1816169
7261245
3916760
9058749
5701820
8646006
3274674
7357255
5732739
5324410
7351696
3254686
7397271
2195473
2201311
2165594
4976806
4170805
5023887
1590460
9850376
2826867
4017809
5792142
3475167
5995601
5521345
4355288
8908746
9601889
3545410
6522456
8910833
4543951
7786479
5903349
4769522
6132240
9804048
9933408
4841006
5819041
3220098
8177672
2263058
1094279
6833048
5505965
5119627
2377119
2185419
7715107
5390706
5842108
8783549
9891996
6302788
8695665
4130882
2755413
1177737
6490952
5510706
4192713
2415309
7031456
9449495
7827538
5004594
6211829
9007234
9343477
9747570
6897428
5969844
3224439
3373750
2961173
6941580
4098377
1884671
4489788
7304912
5593697
2916092
4305546
9890573
2586716
7481714
4964352
5651755
2043595
5126103
1560692
7525517
5866213
7318207
3649287
6001275
8127017
7248607
8238026
9352483
2577276
4030602
5686983
1560829
1420614
3384474
9630961
8604430
7838016
5131511
9264943
5042293
7185148
2974178
2114622
4427721
7465668
9339757
8186777
2812180
2651188
6765776
6804128
6582080
2254648
5353992
2986104
5109553
3017517
5838356
1097936
9112425
3769464
4215678
5968084
3869710
1395970
3486298
5854175
1884788
5033821
1424284
6291852
4501057
9754748
9713866
2110923
1938620
6167560
7728361
5798986
1464884
6478787
9033406
9364983
7466728
9986590
3618099
8455513
5099409
5370945
9395098
4715448
2948076
5766894
3969754
2328146
3458788
9751541
2161312
1566934
3024665
8901469
6086956
9729310
3060566
3576413
4572574
2360881
4378879
5369677
3509024
5406455
3327956
4402245
2046109
3241638
5466914
7498034
1896281
1043090
3572807
5525422
8228111
8832652
1593329
6855689
6933645
1338965
2528281
5291780
9090499
3119817
9369160
4735127
2997191
3380828
5857062
3237943
7788765
9575061
9499647
8936557
2395025
1763553
5803438
9608169
1040268
5475919
9854336
7861245
9311553
9515716
3974129
2495871
8392581
3271279
5427819
5238985
5902276
6820095
3849883
8084712
7455447
3809684
7414816
1059419
4435112
9639157
7385927
5301214
9723913
4059939
9020646
8097528
5255953
8504646
4562238
2139586
9292617
6236971
2445462
4930193
9960319
7342045
9317934
2471976
8965202
8117186
1408547
3451194
3083629
8147732
4157307
6882871
4782568
3946894
3571096
5006069
6642683
5233514
8197723
5708186
3827301
7079220
8326128
5259275
5788726
7836641
8830744
5939341
4692943
8123211
9473323
5569593
2657601
2458187
5756810
7175131
2516647
6734265
4175999
5184920
5053549
3669588
8371782
6605320
8344125
1372770
3875996
3120432
7637234
2433399
6355989
2693335
1172140
4579264
9139849
7281941
8847931
9046282
7041876
6718436
7278018
1986088
7265155
6788956
2567129
5186840
6886560
9346262
2852826
3068809
2568696
4742696
9455839
9274432
9072985
2065077
2313560
4151263
1350923
6169452
4068079
8724063
3734688
7601340
6035751
9528910
3063895
3262453
1003816
8663731
8150641
3060437
4792887
9165885
3443848
3490492
6006668
2407761
4964473
2028458
6213357
9328767
6315046
9236431
2157747
3938068
8218473
2118064
4655499
6060979
6096248
5391266
7630973
6705505
9611007
8290876
5823885
1953930
6184642
9129246
5422717
5754912
7702373
2431603
6904910
1803615
2563682
5874676
7487635
4447735
4404800
3210002
4671864
1289423
7069050
2360722
4234511
4831236
8986621
5860976
1863766
8503374
5554924
8680653
1257635
3466424
3154321
9156316
9199420
4875673
9371614
2957199
9323621
5077722
1859061
2216271
1479297
9183461
2791983
8216863
7857807
6956650
2423045
8919351
9432587
1067829
2288852
1794554
1492896
8013846
6091534
5212035
8980758
7607107
7884380
9729263
6884381
8186486
3633531
5685083
2666673
9805385
8130069
7972268
1773652
1652054
2621424
6310630
8506518
1216684
9570338
2496999
5289941
7256972
2265551
3282877
4895503
7723319
6340037
8020707
7714075
9377738
3804963
5584131
1515602
5810498
2066823
3641464
6071426
2722404
3743057
6374975
2430778
7845073
6873903
8031119
7420784
6940545
1570955
5569317
2690791
6691212
1535410
7325594
1523559
4998929
4428622
9918731
4338528
5192656
3925937
8972063
5064345
7133060
8445508
3675739
4472719
4331968
1227172
7952050
3113809
7963749
6764932
5530692
5713280
4757554
9178825
4184226
2182083
5015432
9724753
6206579
3022823
5304784
5077019
8028579
9895021
4180902
9809179
4338685
8797957
3819128
9976583
9165125
2311271
2010210
1846949
4647374
6232283
2928560
1388887
9214890
6867258
5399194
1004555
4045730
6048140
9377622
9124155
3598923
1808256
6057868
6644571
2968383
9454788
5450774
6341642
4862159
9563796
6182455
5954931
4582919
7420687
3545654
7716397
2992050
1775790
5652737
8526104
3322153
9758848
1893884
1756764
2430460
8293395
3567773
5503285
2316349
8546269
6166611
2230580
3800302
5305215
7692475
3392192
7187397
6770781
3041147
2553034
1447525
9807099
2910889
9319266
7571084
9780023
9872229
2702721
1069021
6655760
7514443
9811366
4758632
1008521
8306746
6880028
9241020
5724270
3170049
9839450
7861856
6107110
5818022
1300818
1331293
9481266
2159873
5500209
4351109
7027761
7694560
9259860
1868541
8662679
5717025
9871557
6399410
7556254
6223310
1776755
1649146
5301990
8395436
3435516
1582421
5421199
8270414
2021267
7893193
3895082
9239350
2551338
4143993
3035340
3218674
6281346
1862855
4195651
8551564
1352120
7859492
8379741
8738127
8647014
1617563
8931400
7635894
5320414
8826984
6596485
6018373
9578138
5738483
2816797
3807200
3743977
5831757
1293147
3433496
9697024
6612627
3361377
1878186
5831239
1988957
6419187
3126754
3752699
5184921
1980972
2374644
5571517
1315312
3166783
2231474
8975267
8675471
9481621
9197643
9273557
3186222
8069709
5121846
1776128
6593624
5838639
3661164
4713914
1990432
2972855
7903943
7287532
4524350
5932158
6876412
2385951
7113458
3489472
8323905
6474537
6327929
4218008
7410290
2661333
3857251
3775988
7714761
1710603
4121881
7218216
1447372
5689874
6827445
9088477
1746470
1574455
4071680
9784459
7598769
4585759
1750206
9105354
5784332
2260388
9810415
8454212
9875190
9756670
3200891
7147966
4748143
3454775
5524626
2852284
2525604
9813511
9001762
5612819
9575672
4402456
1540912
8047147
5403531
6793904
5847747
6274513
7544250
4629880
7055299
7136244
9546772
8740262
7920054
8447378
1598208
2264078
4747896
5923886
4589104
8801972
8973536
6819588
2975562
8871987
7822331
4200806
4578315
9129252
5318655
3240360
2797696
2805395
1743971
3688547
3818486
4855998
7647962
1664962
8001532
9149639
7027624
5684255
9936139
4606799
8894388
5333312
5278171
4647426
1333275
3551424
2743002
1912045
9516737
9812764
4816133
9319869
1272942
8716181
9003388
1162554
8332922
5782379
5480050
1117554
4308663
3606768
3880036
2765960
7589258
6815181
4407492
9018189
2311981
8562824
2056491
6870382
9741080
8682615
7869301
8486131
5205129
8321157
7656700
1102271
2696648
1529183
7091622
1347499
8672422
1374129
5262753
2495648
7581678
8016085
2984455
4829910
4343941
8394546
6257353
1532951
6214671
7607385
9886240
8105086
9893972
2159336
1946223
5850736
7014380
9727583
8424666
2775632
8813167
4242068
6375932
3957157
3153298
8193396
7093903
6413864
5129305
2012395
3500507
2430699
2358806
8904481
9268641
1397905
2441364
1370034
7828094
2767038
9472691
1322314
5616334
4455005
5080407
1278692
3502364
4300584
5006510
2426666
9424576
8248945
9779898
9604883
7738474
7388949
6463654
8048274
5500947
4277480
5529631
8040214
2507562
1989756
1031078
5698258
5759603
5555688
1456881
2578461
9980099
7882158
7182552
8111200
6494395
2912287
9243941
3557704
1708504
8823244
6936031
7888348
3545530
4360954
3763120
7692111
9671030
5659575
3246570
7298490
8395639
1409718
7211191
1363402
3973774
9082829
9133885
4340054
3212191
4860206
1825090
1072953
8517629
7938694
6625304
1356031
1041622
1910937
9497304
3983497
7918191
6323253
6445612
6073381
9193242
4545422
7189974
9871857
6672712
4706540
7062519
9944367
5716452
9205860
3364529
2873340
8034658
8562978
4564449
4314356
8815794
4545404
3166647
8707097
9328129
2806290
7638157
5232796
2938009
2308611
7898771
4817494
2861569
2220674
9727293
4586272
4139432
8866209
3181227
6387749
7804269
9990130
4677207
2610604
5560988
3472622
2553148
1439873
3339037
1256913
5715251
7617669
4548996
9191492
1999480
8220188
6059186
2447171
7949931
1378082
3865123
1343719
9591850
2398158
8272249
8829825
7934289
9392316
3483996
6185081
3293785
1645119
5820124
1172192
9432928
5386921
9397344
6520254
7153065
1606581
1305193
5226052
3753542
2746937
8468772
1561924
1329727
8213557
2074838
9617795
5855685
6111795
4223955
8525590
4557564
2257039
6319304
9490951
3474057
5212185
6979028
4825395
5728836
5123683
8630754
7047204
1426375
2041112
9324247
8725884
5004030
6217806
2797208
1462121
4229346
6479432
9959389
1634482
1218686
9583961
6760200
9807162
2340323
7957627
7599045
9952605
4300308
5373608
2292269
8242908
2916656
8398888
5130281
7490641
7841097
7492850
3319440
3302789
5956053
9831913
5153591
8953813
5340136
1086918
9632055
2520610
7956626
3432461
4954238
1914355
4948935
7870218
6018165
9625559
2081774
3372079
1259645
2527386
6414285
1253514
2760353
6505138
2403417
4312850
8239480
1294740
5047126
4218981
3555667
2437887
1297149
9030376
5752072
6905625
4315634
9425572
1653465
1533381
3374330
9748935
1381613
4030704
7806518
7731037
9579991
6466264
6593525
9223615
4452537
5734497
6385097
2212671
2709676
5575547
6800997
8823220
4345208
9227768
2620059
7638629
4956453
4949875
4559074
9832253
4872253
1820984
1959215
1600362
7870598
7068197
8780078
4798792
5360912
4361280
2672860
3813356
1526657
7342216
8746021
5564903
6690498
2897420
2804061
8241294
6493751
2753882
8474822
6495996
9849326
9069939
3700769
5800508
6857159
8528333
1086731
5390302
2215891
1641531
2208224
2590410
7478655
5879727
9616348
8928655
2176024
3970836
3085473
4761329
2538789
3690806
8969882
5435299
1420558
4499398
6060591
4185186
6747156
1024136
2920795
3089424
1857751
5951458
3187162
8353978
4132318
5774110
9391412
3467369
6351764
9591867
4729845
8573853
5323401
5170012
2412141
5938313
9662227
8349838
4950862
1425670
7300718
8547306
1084397
9328553
6678377
7206401
2578974
8861996
8731682
6209574
7775409
2285616
6761126
9925047
9380742
5714430
7395685
7976821
9529807
1971091
9813074
7459621
5055100
8816714
1287969
1573274
7410096
4142549
3758694
2913185
8139113
7353035
1361791
6189434
1360788
4164508
4467504
7083022
3881904
8208676
2029623
9251526
2539260
5085279
4105828
7845211
1757943
4935478
1436871
5092205
9613946
1412972
2224542
5326054
3650660
3991255
7586245
4904892
2364629
6146115
9685976
8416880
5448580
7837242
6553904
9672136
1329345
1962232
1235920
2561703
3356937
3083231
1423432
7197866
8088766
7123276
4838504
7549240
8570801
1549165
5099654
8885671
3602916
5540116
3784360
4830161
6098988
1105878
7068982
1554487
7687320
3249952
2763128
9008118
7482378
7351229
2217216
1716987
4735570
4159002
2422817
7390383
4698855
3279843
5514587
4970243
8729964
1883959
3434278
3471775
8218481
2065319
7992730
6040237
5931196
7888320
8088380
6802976
4525980
6428764
9104819
3975604
8888832
8560366
9845974
1131259
1320794
7296142
9374123
1229652
7262270
2625616
4322389
4326873
1652870
4523551
5621444
7983839
3033448
4310516
8532087
3660591
1080408
9812032
1332134
2808672
5707556
9750153
4876613
9080516
8913841
4742530
7390207
2655088
4774069
1183597
4341413
4864820
9104185
6219836
3165654
9295123
6449109
6517477
1033064
6339017
7635739
2142323
3308712
1328266
1782280
9346449
8988574
5969348
1287686
7587085
8867271
2402513
4274554
4491807
9378804
8077285
2262409
4322290
4394457
9004200
3078362
7694233
8154602
8469766
8733706
8510235
6492874
4935313
6532294
5052352
4458604
2671961
1702816
9395029
6930300
8480143
4772824
6825452
1683769
2701930
1303372
2062802
1494473
2320692
2693339
7171431
6194543
8000013
8220213
8031869
3223594
5955758
6008751
4753134
3787732
2573709
9717368
7198629
7092029
8343797
2858013
4032772
3095173
5870791
9785300
4829972
3113043
7131869
4959390
5407395
6872235
4667765
3817477
2568988
4271385
4632684
5921343
7369789
3176846
2406095
9362086
7134798
8582313
7949849
6803645
7380684
6869251
5932400
5926742
9664649
5995050
3700932
3578299
7610107
4950577
1445827
1127415
3881300
5076074
7922632
5028031
8722656
3551733
9832949
5470370
3404218
4275685
1875036
3087034
9519911
3815292
8419229
3751545
1021003
9385604
8728045
5622328
5574611
8859040
6676172
2477251
6624729
3634195
7590925
9400704
2261285
1733589
4601947
3408196
5305458
4016306
7511752
1381762
4533770
5656805
2147175
5756806
9059562
5435696
6341385
9872108
8977906
8673371
2362828
5283399
6302366
7661505
2154148
3973428
4733918
3075072
5888507
6005161
8684951
6458549
5775730
1816943
6797004
7367254
2761463
5836870
3800700
5735514
6622505
2987049
9242039
8607579
8145554
1199604
8945061
4806169
1554830
4050320
4107750
7350552
3564163
2037966
9685103
5622164
3254457
2953167
5232633
9719445
7827939
6668400
3187745
1009790
2728852
6896972
7513065
5310981
4601959
1487148
6051718
1458269
5686650
4434829
4749737
9098712
8067359
3341262
5713531
8718169
9048666
9062440
7848066
6641750
8737147
4636343
2696095
5614919
8456880
3577837
3546195
1521123
4451023
2753273
6064008
1690185
4719896
9488181
9950544
7168159
1537859
1324595
6788510
8396071
1983559
1838541
3231248
9994369
3432799
3324914
8810318
2394307
4399319
4508933
8932310
3915002
6053559
8760620
9508644
8633400
1655734
3711270
2429838
6711658
5232671
2078495
9655904
5640943
7477567
9536919
5504645
9272258
8898093
4524600
3742173
5098361
9510771
6369419
8728763
3496550
2122814
8391046
2750076
4061272
2145297
6718448
3021228
4501646
7992143
4848141
9019766
1345476
3582739
6090584
8820115
6688274
6212746
4548001
2298112
4565900
9303321
8584015
8640560
6452407
2885394
3950560
8336070
5723071
7652801
9213393
4532861
9303418
7704993
3371343
6424806
7056678
6446637
9339590
1601532
4784293
1496385
4955242
5073981
8571947
9340123
4044965
8515863
3591141
5410622
6283633
1206929
3076893
3935817
5147877
8240225
9925551
6012826
3802055
1924228
3917341
7079508
2925403
1342219
9999579
6340466
2761286
1680083
7199985
3384081
2747053
6503208
7544892
7776566
3080178
7945117
4383087
7857065
6273818
7119128
3563777
2943427
5456885
6596617
5657532
4169771
7018843
2683105
7292761
8002660
4632608
8961139
4133856
5766082
3389456
8884308
1507663
1815076
7012461
6309054
2888108
2384569
9724643
2371432
1776244
8783094
4924986
3068322
9195239
7400527
5596266
9629678
4670081
8912710
7067355
8177026
7307905
1296732
1360329
1760438
3065561
4077389
7200844
8317283
5490189
7254979
4472954
6665191
6724579
3287691
6276138
6941288
6656963
2457228
4941078
7029984
7045658
6970401
4612288
6924581
7532069
9754122
4970924
2553383
9976102
4701215
6883921
1163858
4345987
3688818
1161608
8194851
5213982
3079022
4447218
7474289
9982487
7437171
6533988
9125028
8074263
3291129
3267166
5251724
5200423
6384925
2098511
5751685
9994871
9512662
9703594
5251784
1337867
6973136
9144430
1087625
3921737
2497512
1501750
1997130
8964864
4815819
9805474
3619719
7755606
3115788
1624856
9628750
9450035
3080237
9354365
8309671
3073495
2755843
6770434
6966982
4807205
1047843
9863693
6551243
5892660
7463660
8654155
6151115
4603042
1497704
6283481
1911494
6258570
9538381
4595887
7376536
8214947
5448605
4155417
1950620
7881749
7765426
1971259
4702581
1705228
5108394
3619917
3399613
3407294
6108327
7243574
9587215
7984334
6032625
4204165
9839217
4525680
2656289
6489516
1936672
9793204
3691291
8098990
1483882
6060732
5334037
8615945
6460023
9236128
2860632
2639277
5047559
8879024
8517698
7899927
4120721
7162797
6851633
1676810
5475521
5575219
6093939
9642740
9262404
7411353
3203942
6150108
1597201
1942034
9925533
4589108
1796418
3336808
2786859
9917211
9220021
7635820
9683883
2013221
1806986
8735418
9360663
2681634
9961479
8957773
2215083
4831882
2085184
2623620
2994093
2601599
8938505
2560279
1325334
8346672
9185435
7387215
1100111
5669590
2832028
2183562
3895064
1452497
4930995
9753053
3092296
7429009
4197742
8250092
8542270
3835129
5627756
2361300
8645195
2432727
3758705
5594218
6374715
8741111
6740923
7981359
2487225
1016862
3106144
8870163
2717171
6922975
7957408
8139801
2007264
1871351
1234729
4101050
5871820
6059575
8342692
2416677
3343487
5946586
4225461
4848852
2972180
3375873
5197737
3633294
2455284
3293186
5149736
2487463
5720446
1154956
5147072
9512911
8580872
3289530
9008441
8678577
9327825
9196390
2071319
8913288
4513343
3929161
2577880
6276348
9059313
1833760
4239957
1585709
3935467
4136935
2313380
4688943
9915905
2859497
8061800
6659571
8187486
1426173
6317745
9145527
9508441
7269472
8141476
4460690
2198242
8989189
5193996
9504416
6618719
8018066
8077636
9348324
8097866
9830013
3466697
9221257
5432938
8116384
3135315
9714097
4599181
7621546
4006424
9878353
3854241
6881399
8446791
4383234
9619005
8009679
5577435
1857133
4475720
4620429
7968943
9491398
5563725
3408808
2622939
1159420
4593898
1901620
5257534
7155690
1326443
2377640
1155226
4973261
8273457
6724017
6796413
5290850
8323174
5533485
1297854
3942956
4361928
6243242
5027831
1472916
6932102
3421927
3858843
4254796
4636595
3940717
4386706
9420196
4471592
1382246
5559382
7001881
4026012
8237084
5433726
2708623
4329842
3231603
7685933
1034246
3206869
7345152
9351647
8083527
6341166
5660218
1880271
6048835
4802094
1603918
3649903
1518828
5288935
2650914
7320609
1351797
8842513
7845430
1110934
3878882
8036859
5224703
3836253
4601418
1697706
6838567
4045344
3185124
3122568
8482577
4705331
9483507
6675588
5215740
7061889
2733186
8282299
7162855
5475995
5954276
4957355
3577102
8384436
5438583
5351287
1562332
2802069
9015139
2309992
6800627
3786212
2404335
5259934
3017089
1686759
5919202
9311904
9911438
1709541
4911797
8347051
4055122
9386051
9707268
6327516
5918304
7770468
4469301
8383827
7550298
6079857
8345870
7663806
7164887
7616416
7951800
9430074
8854441
1873449
9350256
3766500
9420922
8870475
9069235
9430093
2178217
5495173
4445385
2384994
6620356
7672227
3828104
9987802
8671575
3212213
9667957
5369612
8165298
3315342
7068997
6641405
6795804
4405314
7842798
9553147
8925871
5580329
4484308
7153751
4024842
6434501
2411095
9205309
5192624
5388066
6311558
2398543
2005017
7113668
4405380
3742134
9748309
1117521
5892364
1514855
3816220
9475924
5646868
2431304
4873622
2451221
6288678
7718041
7038317
4456213
5632142
4333183
9531695
2184066
6764097
2344848
1646188
6308326
3394698
3449942
8580459
9532072
9911882
6356118
4806581
8922114
7754531
5619330
7995620
9126121
1654234
9659323
8256706
8768617
5146002
4283718
6462697
3126242
8870433
8207082
5962588
5093091
8345902
1323346
2795402
2431550
4570468
1556583
2118806
3063164
2350953
5297480
5085742
4274116
5422158
9172951
7156235
1574116
8545263
7199604
3325451
6148321
2883801
8986269
5336157
9368152
7455935
6019663
9380454
3221926
1011132
7194314
7709660
5427955
4722759
7280419
1011518
1691847
8668415
8764880
5901866
8605093
8798750
9426315
6073706
3777853
3380854
7397705
8022358
6134269
3013934
5261350
9131938
3011335
1617726
9380728
1544685
8398875
1002187
4765751
2750328
1960458
1930826
3742715
9265309
4771347
4767981
8319536
3499905
5354364
1815109
1389551
3685054
8776214
8418039
5127101
4265734
1361662
2373143
6079097
1445527
9330694
1059874
8800638
5401810
8183364
1946404
6021750
3655007
6339034
4605230
9634898
5603109
9149846
1116274
6506747
3675337
6608681
8028125
2120999
7429500
2022972
4941853
7122736
1534652
1689663
9043473
7031420
7314523
1104283
7799833
1508084
3211999
8718930
6203051
4160887
6615879
6078869
3478508
8286923
2824820
4031885
4866435
4064651
9285395
9686583
4713000
4352967
4929706
7849655
5384534
8971917
2539713
4180195
8124998
1730457
6128045
5595189
5824283
8511503
7854703
5347901
7825920
6698209
5853133
3533834
4713029
2609818
3018642
2220658
1531352
4163593
2401921
3351339
5919677
8769052
2101449
6556242
4479212
1978895
6355841
5419895
4195658
5489996
5808388
2971738
5732534
4940220
4445025
3209403
1659060
1359379
1444352
8813089
4998948
9825140
6386016
5060178
7073639
8690946
1275331
9014475
5660979
5737533
8395233
6625361
9149434
2603266
9280756
9157834
4618066
8630937
7579274
6651594
7460486
6900561
4753518
7842662
3212981
3304492
5158610
1075809
5646395
9034524
7843060
4203297
2062431
6949537
3310142
5481286
7414355
8869036
5740393
9015619
2169640
9339960
8980173
2611278
4625475
2616073
5531751
4420907
2000111
9478808
8838690
1282025
7675436
8741337
5570281
1296556
7990700
4661553
9555002
7052582
6033783
8685378
5339637
5783455
4003957
3244155
2497150
6818050
6696798
8457451
3631481
4714450
8788668
4143797
7404054
1811283
1773240
1284241
4262073
1851987
6256958
2184544
5713217
6658490
8733366
5419935
4467720
9670448
6995847
5836667
6925395
3953701
6249489
7028654
5470111
3632070
5352205
9454968
3456022
5791336
2263207
3109851
6048214
3603013
8538925
3861858
5826754
6645730
8398454
4519160
9988489
1745621
5523532
3614099
7614554
7070778
6163488
7669084
5009095
7855408
6159369
3333486
1739435
6514460
5261399
9139639
1079544
7692024
1749819
4452135
6297410
9044179
1803139
4150721
2536098
6039836
1028455
6841631
4200368
1308682
2856663
3350385
1340860
4599037
2935053
7887598
3283321
6473242
5694586
3067785
5305257
6852396
2442628
1385407
9198204
9511126
9310149
5377739
4011452
3178452
9033412
8182966
4990685
1761352
7197048
2996545
6574513
1169240
7518469
9204756
4144680
3897241
9553186
5958665
4953377
5377019
2569574
5957423
3081207
6302794
3980381
4434595
7883238
8941159
3090808
6128668
3169203
2665642
6211042
1178086
1864054
2803479
4494132
8170435
9796568
2303280
7974382
7607101
6159104
7657437
1261990
2843917
4629385
6566329
4129964
9829357
5813293
2598728
6766881
7087862
5114791
9249822
7964642
2356517
5456503
7542847
9864235
9400087
3527062
7226745
9992220
4667001
2836624
8062200
1279442
5497991
1776364
2103789
7791146
9900841
7055639
7920547
9687867
5986019
1154617
7398351
4255770
8230125
6083432
7796485
6515483
8159130
6480836
4243791
6944282
5313259
3823467
2702960
1632755
9045349
1704564
5768752
5024684
3998431
9808923
9977223
6987652
8607757
4793269
4672951
4097583
9428626
2483750
7093169
6403012
6758007
7394010
7305002
4870382
2833523
4234962
9445018
3721618
7097063
6107378
7132884
6571305
8594979
3817891
2780269
2266760
7206907
1632516
7633277
9665382
7866583
4547183
9221677
2842401
3961965
4332608
2604437
6394967
2477692
6543699
4100358
9753604
8193990
5897157
3988525
2927006
5978372
8244872
4570079
9028266
1459720
5525326
4192165
8935709
6781290
3830156
3053897
2611070
6715287
8920267
6309957
4522922
1916698
2645732
3620361
8935100
7801847
1985050
8653489
5826030
2249337
2932616
9316882
9851634
8021254
6112405
2831190
9824172
5032879
3858300
6812021
2489505
5580261
5407188
3167197
3613813
5158449
1363680
4445172
7290330
3125622
5804738
2474215
7412413
9115154
5776042
2900367
5312420
7397202
6573449
2516321
5938418
1298374
7865106
1590580
7084201
3144630
5012369
8870733
1336743
3121514
9458188
6450875
8746083
5591098
4990133
3698393
2061764
2191197
2968686
2613179
3324290
9627908
1306657
9100132
8543235
9800362
7532252
4968947
2144220
7714580
6968918
2409714
3306528
4941080
2601011
5902165
6748492
2443026
8330196
2332047
5839960
7425277
3290522
1408368
7806693
4849552
9565773
9255975
3212543
7767582
4972569
5661494
7189922
6232784
3660381
2677988
9782223
7863826
1568401
5555374
9818419
4650183
4146135
5143657
4001712
5840737
3316868
8650962
4984323
4296616
4717781
1670309
9987129
9396343
4754498
2439893
8023873
3900751
4209827
9694826
9637895
9054590
5739375
7709782
5229097
9890179
5707902
2458327
1551183
7537408
9135011
4951858
9926559
3325491
7385727
6128164
9457010
9281156
4419327
2064574
9662108
6803089
3196277
7217903
1928778
7093948
3304982
7986090
2131458
7403644
5438967
1579585
1690766
7090007
2051323
8736111
5623482
7656275
7738521
4407782
2071211
5341921
8529819
2757143
5927490
9724583
6279210
1561389
1803399
4076877
7851538
1066816
7412766
8508252
4606788
5114298
1089714
7862866
9977209
2870972
8501755
4699975
5078900
6959414
8973920
7728731
9382144
3501423
2251811
7900096
6514504
9394284
5254339
3418042
2562881
3126251
7903289
4036704
7142394
2285380
1075233
1205308
5037394
1967432
9773219
1417768
1184586
5609075
4246094
2471912
5447482
3898713
5554170
9649013
4475796
5463543
6917075
2514663
7548425
8934635
2859754
9520133
9757437
2919770
4455347
8598464
6838812
8243795
6773865
6243663
3956983
9765431
4796088
1504381
4229319
3951022
2846126
9883618
1444944
5692893
8648499
1396457
4518251
2708136
5707530
8002853
3001311
1399019
5132509
6225842
6128824
7076736
6482621
2248947
7864314
4841619
9413138
9535519
6628946
6588351
9237004
3762363
3991599
6933523
3990613
1853333
5560806
1810566
1014328
5451208
9991927
9120993
8430932
6162097
9142553
1600974
6493914
4367863
8838346
5928704
4750724
3635257
5314146
7198409
3934099
7655747
1298446
3431435
6691940
8413735
9482283
8744954
7057082
8851705
2664064
3441437
9450930
9625423
4392633
1460700
6341211
9068224
2390445
9115270
7086449
1114953
9974730
7645112
8440100
3569568
7053451
9245239
8353281
1399390
4093431
3259830
2237691
5666085
4834466
6123500
5040841
2411862
4059993
3005686
6910046
9197313
5823077
2347222
3845552
4572541
4502332
5296494
8296642
3851328
4048338
8560185
9186082
3635223
4587308
5860955
1404070
1392036
1710464
2602481
3235740
6834169
3533693
6709310
8434870
9142166
8057933
2269859
1439489
4272771
1501232
8012762
8844804
5368206
2356407
9395508
5372031
3141768
7220731
3793333
7824952
3832687
8439181
1173523
9881307
6894073
2488960
5303142
5495159
2112632
7288480
7723616
8850697
5729564
3707675
6665660
7816000
9307449
7054638
8763710
1393615
8946512
1589955
9659331
1751946
6067426
4379646
7962640
5139410
8500012
7936878
4652518
9665287
1688723
2596253
1873962
5678127
1246473
6410969
4900909
1478359
5661165
4735412
6413360
1451311
6036157
2306029
3641800
6648659
7583305
1362362
8678210
5642016
4357998
8078669
1630831
9253103
1851831
8105928
5858008
8494392
1525636
9508794
2687453
1934194
9452142
9189890
3844015
8813836
9435138
3979865
8146173
5310651
2814378
6502499
6353823
5417587
7265747
7454946
8780912
1363336
5635601
3332050
4332914
9036715
6429186
1065417
2447693
6367492
7468023
6536635
7284695
1467046
3129074
5306599
2390149
8600085
5155628
8382377
1707178
6602008
8429150
9048871
1108682
8643933
8347381
6655026
5687968
2991814
2832052
8989621
3192025
2682302
4727429
2837269
8138662
1091592
9681518
2777639
3964207
8067470
6455355
8053898
6436508
8462771
5499399
9881288
4139055
8851055
7264796
6517726
4171862
9877956
6444491
2963241
9850564
5488762
6967171
2146300
1080526
4237661
8972355
1295741
7248433
8781444
5942441
9429726
2287552
6096687
7982964
5566768
6250373
3945049
4817020
6081119
4090174
7249637
4196947
9999242
9774039
6794584
1120314
8844646
9613464
2835378
3342927
3665510
2572868
6876348
5878686
3006593
1947241
5587661
7229691
3099152
1587557
8588484
3557125
3742586
4817302
6969113
5927409
1638598
7365582
5704342
9325453
8329612
3279710
7899282
6316145
3201445
9869369
7366472
5059433
2333096
6467941
1177006
8288567
1026235
1049245
6719066
1711817
4229355
7090319
6961730
4087930
4919192
2147592
5783865
2551092
1582828
2751962
7306885
4959366
6667390
1953455
8470703
6368564
1297762
5773362
3225738
7238856
9116682
7643867
6194527
2734841
6098243
5061068
5294642
2374162
1032145
3038480
3608388
2705151
3763605
7107404
9919517
3218703
5097895
3876264
6535364
3329324
3436893
4530012
2173626
8991041
1909867
4174734
9421872
4220254
9032640
4533774
2188569
9188318
4911359
6995648
9806778
2346808
6165758
8371584
1326760
6301404
3644862
5594349
4215426
6784420
5120029
6764851
9451099
1063358
4009775
1323299
2927879
6686099
8741286
6408925
8133958
1813948
1291786
4362344
7999085
3041818
3872487
3935174
8793292
6422608
6122974
3740994
9242381
5724905
2819359
3852291
7483410
8753338
3710769
3067666
9001704
6120874
5529916
5500469
2474719
5816320
9245632
1017807
8905890
5970338
3136495
8959240
2988420
7154555
9761246
2500102
5867299
7415729
7303045
3353030
9952892
3919951
4527772
6497191
9294213
2865620
9236839
8831686
9743072
7584723
4293439
9812990
2158105
9497645
6051901
4156095
1755271
1513575
2750369
4038094
8261150
3676531
1876407
6040035
4598228
2223861
8463821
9829759
5020344
2682274
4416973
6780544
1953519
6152563
9714106
4571297
4893578
3343428
3069390
1520752
8737803
3308031
1962926
1929145
2046561
5887247
6760133
2219260
4100158
8507393
8644215
2296306
4169188
5958617
2652512
6741078
5832119
7206171
8683114
4379463
6364943
7599204
3976488
9081777
2723148
4182257
6378213
8284636
5692465
3308373
7340321
9640222
3457777
9940645
6010406
8764756
2948281
1006309
2844320
8396469
5138918
6363271
9744212
3526368
9742626
9028464
9463832
7140391
2565957
4363120
5885931
4017573
1481173
3330383
3222711
6528948
8609964
8834180
4828737
1225175
7044868
3135439
8750434
2594743
4529627
1338533
9617912
1663697
9402470
7363130
1456731
4969194
6157153
3616439
5654089
1792244
5637906
5055122
9052278
7312539
7391945
1715664
6080630
1585827
5697686
7029191
1218461
8118505
6664952
3680970
4266705
9861406
2245615
9059634
8350623
9999472
4149041
2846111
3764052
5799945
6645194
2030478
7253306
4489267
9430590
3748514
2336664
1886341
8939638
4830730
9002644
4762815
2264596
9727499
7798801
3374573
8797912
2210338
8108724
2539350
6815137
1150851
6271435
5983669
8215415
7453852
5840828
6350150
2318329
6071331
7068821
8263093
2617387
6270430
7251308
3289598
8522364
6894421
2504862
2853144
3080874
2987689
6827115
7630791
8913296
2023086
7442996
7687731
9602507
9823992
3208744
6723362
2817964
5729002
2729413
3741180
2577769
6765496
9971632
5090119
8003813
7744390
6876352
6216264
5426320
9397451
1427501
9261839
9585928
7296774
3113179
6778570
1268950
6103890
1062923
7389128
1622778
3872771
4211207
6373034
6490344
7985327
6647646
4421210
4503599
9905779
2857896
3399438
5958239
4491636
6558498
9135791
6705946
5793112
4362282
8217766
1297627
5839523
9607925
1907789
7510612
5899987
1503185
8507240
4374176
1601634
5987469
2428857
3921181
6907220
1268469
1926995
3203822
9190633
5564227
8178446
4535106
6523945
9488867
1608095
1747901
4566292
9470418
9934378
9708696
7058186
5295196
1513099
9479597
7889432
9927893
3347274
7399268
8808432
5642017
1834026
4278384
6084850
8981129
4540164
7204476
7771991
7323296
5699261
8267939
2564929
3899081
5996684
5939901
8276927
1778527
9181932
1010961
5309546
5892946
4675597
7224693
8656874
3547844
2294451
7061159
5668619
1610544
7893344
1629587
8010458
5440546
5038784
9446533
1417629
9104094
3426210
9266642
6016602
1534464
6967487
6065858
1496029
6281731
1358495
9769313
6315401
4518015
3774048
8708460
7375413
2674226
5708292
8071863
6170192
3264546
3766832
7079307
4986975
2672424
2556671
2200038
6968447
8024983
2080709
6530946
1847068
9136857
6852262
8583089
4999499
2129182
2003805
2998621
4679228
3821607
1364487
5988737
2044548
7697543
4525761
5407306
8019344
9005128
4522325
4765290
7503861
2381395
1108900
4547591
8282534
5820373
2939906
3860206
6366152
5677822
4520408
3262116
4020856
6384830
8107467
6943610
2909854
8133799
7466911
2813565
8736000
2340229
9409874
8372325
3887983
8282141
6427948
9641199
9426602
3947049
7369727
5860488
9816522
1549442
8282718
4049759
6344848
5774076
3240083
4293994
2853000
7053344
8336086
3803337
2440624
9091288
1837494
4854558
1140430
1957629
4652042
5189596
6873425
4213893
4034426
2610829
5961404
6725816
6418818
1042975
7280550
1454604
2079240
4473340
1886512
9519215
8679751
8637234
5776724
9067114
1111324
6908994
8875785
2026974
6799018
4718996
2455504
2195287
1274086
1688428
6607939
3883734
9812884
5517390
8528068
3591204
2492626
6976499
6625668
3556910
6350849
9413443
4044087
6895895
5009534
2576140
3947566
2026042
7080098
7526937
2537282
7847113
2617214
4056823
6806600
8741832
3696244
6562681
2115674
4595939
3427751
7034535
6674888
8838107
5208921
2786758
3106797
2117736
4910965
5502103
6748595
2600925
5166370
3269376
6026509
6475880
4090457
2281177
5700458
5378059
5891242
2639770
4347809
7194369
6535264
4103185
5746933
1992786
3304806
6857181
4810706
5382822
9208673
2215406
5124012
3005171
1279410
2256816
5926932
1347374
1853776
6496574
8378586
8607213
5371875
1683029
6690881
7479676
5637376
6806233
2285694
4896705
8125700
8074712
6739652
6210500
7884587
3299229
2993852
3174796
3785178
3995005
4477075
8831731
5449668
6463973
5542120
3213953
7261181
9887294
8773929
2629259
1249973
7658972
6934627
9453049
8992490
3939873
8081624
1756959
9784085
4714066
9456456
3090327
2144699
8741803
3371441
4271020
9693586
3967289
7064733
5178589
6476426
5015599
9771570
2730450
8504228
8958871
6351154
2529530
2180053
5998059
7731990
9126332
9709034
4878884
2420628
1321124
7404048
2109587
7860147
3834516
4760473
4772927
4037460
4141937
4120809
9471965
1807645
8806045
4211160
6547580
7096261
7837885
9784322
4532211
5166092
1231557
1911252
5820144
1877990
6084127
2647399
5067210
7330765
6535375
5936034
2164271
1009764
2306130
8605666
2782746
9395679
3786019
6315993
4679402
1822482
6030461
6485879
5085318
9400018
2471307
2134459
7106924
3075989
3388970
2381263
1380108
7296998
5122436
5240870
2235118
4972229
2513480
8385162
7267154
7814565
5849676
4734083
7814630
1322706
3885681
2260116
5596624
2128944
7234752
8302284
2106255
7473986
4521861
4369548
5091688
1399032
2969666
4838160
7385667
5233823
9131070
6942969
1779644
3083305
3610236
2128562
5585167
7544303
1245264
7953975
9219617
1523488
5702001
1346108
2344874
5184332
6621439
1272059
8299554
3763989
9980351
6667270
4686881
4922738
2026601
8631896
8505455
6558989
1772725
3254830
2097782
5808615
1417819
4970088
9947488
9484998
3495390
8259890
2192425
5248618
6035899
5321858
9257126
6229275
2046375
5379940
9486122
9224591
9765077
4447783
7381175
5042042
2604066
8483260
6810145
3796610
9034590
8709751
3360969
4423322
8703741
3304570
9572996
1798002
5552252
5884234
4772473
7994823
1398731
6169525
6887798
8867294
5672773
6956912
9249811
1951280
3306270
5648612
7825341
4353363
7625616
6672111
5346788
2903508
1580886
1970741
4060552
5562883
4459618
9023412
6457052
3812016
8311545
9905970
7726752
9423968
3581775
8838425
2878245
5740807
2317976
8782290
4461766
2108678
2973482
1475664
5055857
4889176
7650106
9513548
2643407
5857982
8418718
3259824
3688069
5827931
2397826
6133136
5228031
7849955
1580097
9043357
9470382
6250087
9085033
1423467
1317176
9623811
2134916
7175193
7203265
5468444
3111148
3845971
9622485
5026717
5284619
8912100
3390590
7466410
5072693
1539724
7551117
5759110
8556792
2281676
6742111
6388218
5429567
9360260
6725972
2183985
1865396
8603226
1439935
9725090
2966568
3363320
7465997
1889655
8872581
2829904
4349054
3551960
7201297
2254612
3457293
9116506
7135648
2188703
2420603
6400796
6988982
6992300
6678214
3873853
5444908
1927105
5426330
2998272
4763067
8375296
3520869
8107504
4274289
1963521
3496615
6537033
4535311
2819786
8475010
9073456
6055513
6780983
9109533
4559855
5584769
7342210
3348726
5367267
4145254
7115736
8586721
2184743
3527528
5957147
8512952
5025946
5294610
4619917
1847534
5392086
8275528
5413738
5267728
7512481
3720922
6691143
4007417
1996631
4433458
5171900
1500595
1575515
1709202
3726735
3866295
6134703
6356367
9361681
2784445
1669184
5789328
7621877
5009325
1690914
1140221
5855170
9188926
6724503
6394266
5165771
4799937
1284200
2542873
9702698
1799580
6750351
5537625
9289534
2973480
9477209
7427530
9708190
2012168
5982730
5126691
8658943
5300383
3291319
3618088
5024585
5048367
2591399
4456291
7133071
3704335
9704467
8767744
8267752
9540526
6395184
5673832
7960527
7009319
6156118
6340084
5145100
2522732
3370780
8606984
5894964
6877532
8067938
7511517
4877020
2224676
7070443
2611723
5014758
4463680
5823482
9681877
7181633
4847881
2801486
6811036
2132497
1595040
3390451
8014118
5862498
6506398
8688863
6373247
7856047
3320780
4859656
4106326
7867815
1138992
6567058
9850757
1866972
3432459
9930178
9568181
1406990
3670152
6105568
9167273
9513295
1094649
5908734
8157095
4551565
9137862
8357591
3067565
7207456
6942832
8173397
8665595
5860591
9563639
3156437
1671114
1143217
9287685
4385949
3289708
8654856
7730037
5186789
6686234
3036920
1117966
6137234
4650510
5862588
6989808
3350641
4672640
4459625
9414518
8539642
3409670
8889767
5580950
7044671
8231277
6760276
8565508
9655514
9403219
8575953
5067864
2589069
3859155
8675406
1516555
1623425
2911751
5704851
4614173
9786759
5785167
8630428
9164313
1962695
6192271
2217820
5998722
7339698
3983410
2747786
5195255
9684629
9457611
2792539
7243472
9928868
9812863
6027935
3218082
7069608
4481585
8971766
7492557
5180798
6446663
2752430
7246444
5633751
7127154
1804188
3008142
5894846
2480673
3274421
9710933
1171453
9281800
8025691
7935152
6046652
1177753
7845329
4991817
8197661
3817940
5291448
8946803
7596389
6493627
1887229
1791297
1756397
2727004
8958761
6258104
3366563
9830875
4126301
5964209
3253549
1676603
9266956
4256371
6552377
4267806
2521685
4542226
1780545
2559061
6346642
6420960
4627901
3470135
9186188
8460952
3250325
6852522
9215594
4457750
6000070
2696637
3419120
1748361
1078919
5709870
3685070
3286977
3811336
9500642
7444137
9880392
4249111
4414924
3839685
2084607
8974320
3727272
1108702
4410395
9211077
9931413
9500534
7876227
3391408
9764881
6303637
2845500
8929865
2236712
9888947
9444989
6916659
3241118
4437750
4689669
3181509
1901313
7355077
7581980
9785999
1074274
2990078
9641706
7315961
2748043
8106933
1337557
1288518
1724248
2785901
8038543
4692581
5776126
6845934
4307541
3905929
3667889
7117864
6056891
2223477
9503767
3544473
6714024
6717502
3570631
4670873
5146227
4403654
3931171
9386399
9082042
7703828
2764067
3088210
6023689
9435387
9371911
9974289
8962640
9411158
3645294
3241732
9100665
2328214
8841800
7252392
2659748
9142432
8296280
6591807
5936185
7630502
8377781
8692744
4663713
7215851
8824347
2165509
7156509
6487942
8154537
7034386
1230977
2128093
6604615
1081503
9858033
8187499
7091520
2804590
4762481
8565320
5976848
9869290
3890982
4466151
9807730
6440753
6402346
1488258
3943350
9495975
7785812
5201834
9491088
3602770
5680524
1351616
6698931
1896868
3720275
6751037
1609173
1961097
3476542
8974791
7488364
9389529
8146278
8674803
6277070
4144711
4997928
2063987
4929036
6505055
4856961
1646014
6769524
3093441
9996594
9829155
1714752
7223803
7386946
1297705
6595536
4917915
8768598
9567065
7230865
6662258
6754920
8230975
8727585
7734129
7907876
9176402
7261828
9576558
9925336
1650256
5030695
3448854
6928930
7499144
2861715
5973024
2576400
7674939
6601405
7683333
7821960
2150744
6420325
6783420
3387062
6509892
9956425
9053402
1688837
7581433
6946492
5876976
8769160
9319675
7411730
9004986
4994599
8161484
6319966
7846285
3944590
1205929
4044384
2784103
7993859
7941603
2050431
6552046
7456132
3669880
7596519
7679245
3864093
7582250
9623472
2812381
5517854
1398914
4381376
4518258
8770603
7789978
7609226
7524347
2461974
4609934
1801011
2770606
6655439
7214627
5846364
4855397
1617006
4666677
1205858
4928420
1693344
3263358
2636815
7613944
1469682
2296852
7720794
2306951
2217785
7932631
4994289
9697479
2885904
1941230
6763252
8185759
1382173
1111187
9326849
4889136
5607576
8724156
4002250
1556478
9513411
6174046
7297104
7342039
9213707
4022997
9241924
3149352
5980134
9998494
7235338
4298716
9914678
2064604
5162559
6660221
4366750
5701803
9206844
2229026
4157309
3097247
6842846
6310713
1022724
3359653
2754790
3190541
5749431
4071777
6824889
7649543
9884906
6014344
8943294
4798138
7368577
2139754
2129537
4576511
2988332
1675082
5725009
7379540
8066432
5267760
1074987
2187218
3559846
3180632
5198462
7449426
4460300
5031418
2874989
3069379
9146675
8748246
7022964
4520289
1468027
9436437
3289590
6554911
1600529
7818837
4888342
5844389
1965416
3413839
9251639
2501049
5109733
5838433
9453872
7351553
1300963
9506239
9131331
1311415
4886700
6647224
3818736
8897904
4930673
2804812
4601181
3444586
2641319
1694635
6515085
5996315
3821665
7454661
4196557
4782918
7529612
7968860
9607263
6619581
4173000
9378779
1984211
9394135
8615081
8490802
1822263
8795470
1723413
3069173
6243411
5892835
7721361
4750266
1136735
6158354
6182942
6039498
8683818
9622006
2005251
1146803
8016290
1587526
8251974
4918594
5662822
9601019
5483550
8341320
5550751
1075926
4511231
6784830
3637069
9908420
7852676
7207871
2895100
6004721
7334811
5558453
3495909
8636170
8761794
8355702
5345986
7188564
5592606
6169232
5588580
6493422
1304602
3470151
2173225
8107718
7044494
2316165
5716607
8543713
1950833
7602754
9905972
3465383
7243135
7989674
9505813
4607710
1822284
9608777
1386267
4378667
9104875
8988772
3823495
7612097
7284257
1176455
1813574
3287566
9666973
6391908
5499826
4577231
7175641
8923645
8448933
4959604
4232165
4799313
1724234
7604810
4178570
6801562
5635565
2932473
2150682
7253435
4261618
9957420
3841988
4909129
9023215
2826465
7968728
9382688
7043923
2272913
5458886
2823736
9584417
2883044
5251601
7567947
5716314
7656141
2881566
1090599
7304437
6759228
9052529
6826845
2537107
1571347
2418782
2764628
1715377
4075090
9672438
4550068
7053877
7769501
7241533
6936781
1109316
1015277
2862250
7449089
1860101
3336479
4266310
9244920
9514890
2479265
8913535
4545961
2161434
2469216
9388290
1636299
8752086
4065909
3979080
2907162
7383969
7471504
2623525
2810199
6602241
7596005
4055097
4499941
5693005
7696344
4761132
9902780
3296119
7475678
3503515
9503944
8255939
2128293
6227588
1957749
2674671
5504602
9302685
9117783
3870986
3193841
8376565
7997012
4362822
3069171
6072537
5525754
6323819
6092648
9203477
1502497
6024785
2375282
3371130
8429688
2548923
2109079
3575524
8527324
9024852
6732421
5531905
9598328
8851580
8777445
9773557
1963321
6481041
2417095
1241744
7008115
5684057
7299915
3167685
6086429
7014704
8745327
9102732
7476954
2007862
9677828
2158895
3719471
4483449
3315199
6306461
3161548
1485973
3713802
1144041
7881896
5293816
4215731
8035387
3036389
4813341
6724891
7986317
4680969
6332245
3471855
8932182
7978137
1210952
4297954
9328162
1786886
3827357
8358046
1784549
7354780
9135897
6019323
1773127
6536959
9245020
4163671
6419500
7460025
1153539
6934841
9296301
1799933
3672636
9399803
7048500
4368418
3623842
4037730
1268666
7953919
6083630
6994708
4311036
9408364
5313555
1250317
9920815
7696049
4194341
6125857
9220415
1288620
1967762
8858061
1995988
7136161
1037340
8642779
8646837
3243423
3338290
6243745
4711260
7531332
2013592
5158256
9807279
1676385
4008856
3710307
6566481
5192215
5305327
6575160
2928270
1653245
8519558
1522518
6850264
4601121
5797310
1362821
9671927
1407957
3805104
4307497
3147102
9139074
2574027
6322090
4830373
3139947
9282309
9718343
9735974
4416794
9438620
4323235
3043229
9829185
9054909
2315852
7102477
5378536
3334623
8037045
9267982
7752313
8589760
1941039
9590169
9718772
7266463
2931019
7246335
6502655
1891825
7881179
3652975
2062365
7481097
8530244
9946891
1298142
1282552
2118003
9687265
9228283
2782750
2557347
9091704
7093333
3996004
8983902
1953282
1883386
4782937
3999870
7228958
4675087
6187937
9558754
9786347
7131475
7204671
5034956
1474499
5402754
4691776
9274080
9269329
4353549
4263373
7172070
5672000
1394644
6345087
4203153
1286589
7866332
5930404
7857997
1600899
9924341
1918100
8322823
7137450
3848760
2304078
3489283
3979758
5098386
1114147
8762384
4355668
5757454
4175435
1047518
7546102
3374964
9355451
5142505
5552397
4672075
9623605
7091262
9634213
9090594
8734670
3106856
8900026
6523237
8957931
7724164
3077887
1784320
4337609
6791760
4942753
2413591
1701317
4807742
7597989
5336831
7659231
6569106
2511240
1015389
9380680
8094003
5524706
2754439
9950557
6079870
1065313
8914114
2134843
5873149
2823698
6182065
1748955
3064179
2310190
3636874
8022046
5511446
5555309
1514011
5058181
4424821
4383897
3919974
9235618
2170975
2608171
8231122
9223553
1222027
2786682
8342271
2018809
5298960
2649436
4544969
1264727
5035379
1695775
4945213
3749331
5039203
9850127
5720050
4888858
4656063
2028559
6757837
8888732
4787059
1724870
1539005
4908508
8988338
1354239
8059915
5278592
7246073
1486485
9760532
8007123
3688643
7152244
7293574
8153335
1644301
3919863
8439485
6399476
1654959
1158048
6644317
9672323
3480456
6779715
3862496
8076463
3834681
8743218
5900056
9173269
4203352
4846218
3708445
3011219
5040098
5232476
7961145
2166797
3228449
1182655
9273478
2905461
9396617
3707758
5194632
4309076
8882695
9941814
2039934
3604186
6750336
8632882
3896446
9338478
6968922
8907737
8468186
5286754
9946083
7707358
4030003
3644863
4778217
8194276
3329211
4711774
5064017
9928672
7843784
3887674
3813285
5593730
5012012
3650625
5144308
2167971
7398110
6419054
1797618
8893775
5078219
3341964
1360131
9515394
3306589
7604298
6060577
9592953
9247574
5199373
7549139
9329036
4196732
6404932
8012046
9651982
8310154
5127543
6726818
6735100
5334073
6368424
5561741
4415455
5785080
7076255
4012650
6440653
9226408
7423383
1623362
8990068
6184804
7926116
8377714
4004301
2745144
6046575
5972357
5303293
8160990
9861842
8127606
2477482
4868611
4495194
9706741
9284725
1271390
4103904
1294507
8045885
1302152
3480853
2423723
5862563
4792175
3361138
1315540
3105373
8339912
9247406
4518974
4097213
5068464
5109664
5450757
1900475
1168028
7816539
7786145
5402347
8256143
8128445
3455616
1521486
2909167
4136628
6773627
2062444
3247696
7058309
5378235
4097719
6111816
1139536
9901254
5587312
8865893
5956152
6754135
4383947
3260343
8757231
6095425
4910527
3699571
2861094
1355523
8142083
8018800
7626927
5808262
6765405
1118120
1605948
5574042
9447369
4183708
4569976
3161763
6125553
8079627
1528428
3657952
4341175
9806803
3979438
8902923
8612434
4757842
9371397
7913214
3404774
4395272
4275082
3916249
5215359
8197346
5703681
7185904
1280145
8656683
7040808
7363598
4656993
9764902
3726830
4287838
4468956
3916756
7511856
8251999
6562510
3034350
4171566
2584892
1420141
3261803
8997474
5968199
3355924
1106093
7517621
8895792
2518661
2979897
3795107
2225222
6135187
5745486
1369616
4948311
6782826
1246253
7627029
2412910
7687447
2611957
7614758
8388512
1636727
2830260
3424827
6551107
6463941
5820326
2160800
5854997
6790310
1709752
6266276
3755453
6623579
5504045
1669324
6499080
1375392
9896637
3915277
5858488
3575125
5364324
2864797
6984132
6726665
7275381
2296308
1021666
2362751
9506048
9348132
7508706
8413199
4108996
1165896
6703168
9420771
2261850
2096862
4243489
4975114
9625010
3578216
1502172
4307867
5015198
2189860
9211042
3204277
5738191
6373847
7896856
6745716
3153604
5631937
2849831
5705764
9556592
7305876
5274048
4393939
5140576
5796591
3875588
4908239
5266333
3232747
1743128
3710883
5818038
7892021
1703577
5667062
9315339
8379831
6120951
7715892
2513372
5819595
2428300
9604652
7316468
9975951
4228637
8254311
1995042
8218013
5049977
5468841
4481340
2473168
1845223
5390145
7016171
7996456
2665363
3696374
4501769
4788885
8956717
8822565
8362324
6036688
1468620
1033138
2305127
9319884
1854074
5880043
7948498
7687480
5224849
1011347
9026351
6230727
4804316
8644847
9402262
2340096
5708079
7040629
9934971
6191065
3570025
8617249
2019457
5860756
3954823
3104179
3270173
9013654
8843751
2906221
7904676
7905080
1126738
8642655
9890197
5818157
7536906
5589903
5797973
3437442
5969728
7354665
4975070
6697230
2757505
1795504
8798107
7009954
6868925
8264792
5474056
1697817
7338104
7522684
8249450
4598538
6909602
8583123
6344182
2347948
1431697
2035275
3088020
3453060
5913221
5800301
8765432
9704605
6850582
2031941
3894371
3814006
1732173
1405203
8887237
2633981
4778610
7543688
1363957
4493255
9032626
1066864
7425777
2636941
4352369
6565473
5218694
4050500
9970439
1261568
7177260
5277226
7506726
5610050
9140174
9194777
6108688
8208396
5055554
2513608
1659332
5180249
7837920
2146150
7255568
7789026
5814891
3587984
3029336
4044549
3322811
1899756
3444699
6321743
4968360
8419125
1212707
3258186
3439036
4231453
1428541
3871277
6350058
7434599
9225089
5659228
7896098
1528946
8792333
3118304
2988666
4649723
6725312
3138785
1063624
2260728
3660600
1374194
1806437
9828712
8891280
6630717
2716395
9584185
5220144
2574545
3851789
4355851
8478239
1945730
7218658
3853790
2204642
8551443
6902863
1105514
8667246
3516384
3391420
4806585
2101040
1513037
9030735
5720078
3822571
1746113
4015708
8536527
3919390
9490990
4847570
5088435
3343715
9377984
9326092
9458409
6294675
2877860
2701846
4189552
9479917
4845939
7547308
2448873
7838339
2929030
9341021
4455274
3623867
8819426
7752410
4024308
4760357
1354747
9571608
4599061
2831906
1861073
9686436
1750445
4331449
5547747
7981002
5421563
3082809
8995372
4042153
9631240
5877025
4967607
5486007
2564015
7434807
1535759
8679680
6863303
8643742
2560792
1495475
5373954
5992049
4623378
5269968
8397678
9455421
7607916
9049142
6560084
6955266
4635833
4919340
3645173
8961243
6572582
7762610
4529056
3556471
4228678
2474171
8758871
2504559
8068087
7433754
5519162
5405254
9775424
6683506
3288308
1401417
3630861
5728866
9557882
2502793
9544599
7372631
8606305
3167450
2694020
9161346
7722723
8651098
7755796
6308609
2542069
7003354
2901505
8938995
9497735
7640557
5698713
7572200
8775288
6120508
8180372
5953930
1780721
6089225
5257609
8569035
5403474
1310766
5424420
9305453
7579418
2326170
7876334
2049392
9545652
9560510
1536515
8412536
4764157
7138190
1339399
2059368
7749898
7523797
5187069
3623150
2415220
6241022
7856754
8743892
7606968
1645068
1989377
7753541
2482275
9557147
6791754
5135672
8622970
4908324
2061008
4899021
9048822
7048264
7213176
7337994
8726559
1238378
7244315
3383467
3173439
3897477
8359575
2663587
4126247
1082043
2575995
6429118
8489810
1266258
3995661
2650713
1538204
7640412
3678105
1267058
8907686
9240489
8606507
3310478
8831161
8002322
8606711
4400379
4228237
5311573
6614019
4224672
1581820
1344788
9935379
3264817
4519784
9168432
1142146
2827828
3947899
7036143
2778152
1842888
5004165
6323632
1002295
1981289
9901261
2927272
4998659
6551342
6172657
7902480
6243512
9357553
1554187
3111176
8845506
4721013
3595215
4050684
2191627
8067486
4782805
4593640
5827928
1860652
2178187
5657024
8242221
2639234
8889148
3575745
2635696
8280546
1184458
5571243
6949998
1092752
8172656
7680568
7753092
5740785
7714631
9907311
9810566
5184364
2603148
5506151
9309271
1225433
5837734
7522838
3947172
6277649
9934974
6539975
2092767
2898114
4226105
3169743
3631484
6973850
9227729
5087886
8824304
5944314
5098216
1647761
3618155
2833859
8263642
1606969
9996561
1252082
9121964
8304191
7545419
3049484
6825034
6878421
4986550
2514079
3542096
7826753
5753298
1751481
7497422
2552454
2053354
1759364
7148917
3631658
4611621
2476115
9280640
4718311
7389180
4791758
3020126
2042149
3285600
7950640
7296233
7395217
9424806
1314481
7975821
4451010
6806381
3803519
9825892
4879746
1188105
8862609
5230150
1225099
5700323
5524213
6066482
3146130
3970646
8011493
7313907
2316998
3925247
2268068
8111114
6186421
6654238
3525455
4370507
4311128
6229465
2162013
3184418
7273246
1047559
4113685
9573297
5847817
1331717
5174132
1180500
5721999
7641273
7645918
6977172
6574129
3671117
2950311
4573490
6132250
9479713
5840069
8369817
3386308
5346849
5405995
3819866
9463110
8967120
1240024
7259595
4156122
9146388
7431267
3468689
5030295
1106972
2961943
8014463
1650220
6147144
8616123
8211010
2340673
4716984
8545249
1035477
5639193
7490897
3206135
4443841
5189960
1075431
5475780
1979245
8030896
3663701
9046748
2660761
2136167
3079227
4280134
5582733
6850445
3664974
9552785
5999954
8567822
5718987
1359321
8341549
9539499
9153287
5350905
4975111
6505793
6714964
4371348
8015746
6126477
2179964
9659568
3267968
3383036
3815028
6869750
3417861
8603488
5030626
9869827
2621505
4296930
6230532
2797338
9521627
1679121
2484009
6064965
4545940
8449541
6480279
5363814
6190444
5064519
9943251
5108671
4815610
4134863
5053821
7424007
9941042
1422743
8911994
3413836
6398843
4462710
8567408
3854491
3557351
7842446
9523830
3497099
8738209
6481762
2262617
4884083
8945732
4606296
5171043
2949719
2798671
4074888
1542146
4784485
3721611
7943590
3328167
8365620
4600665
3591394
8085124
8735608
9773813
5606263
6657763
7095248
4256869
6801081
6817241
4889448
2872644
9290055
9450487
1072512
3096550
6975998
8726637
9076583
9635328
7352980
6609639
4008796
3500756
7584276
3240291
7066394
9262259
5410788
3405229
3988530
6289131
3012309
5299019
5819132
1804218
5326802
6197871
4924970
8180001
8521047
6101028
1420910
6126333
1469660
4561417
7420737
2354820
1955936
5085962
6540530
4518626
6135544
3259121
5161544
5749098
5808161
4673906
3517346
3525122
8527150
2235369
9699286
8942719
8416925
5215375
4600106
1541511
1289077
7748729
6142765
1761464
4404576
3655321
9634696
5624971
9424988
6474426
1516503
2916341
7856642
5203377
1997390
7401273
8884753
3075086
4296161
6809462
1715282
2461752
3516732
1396267
2500667
9307781
4991139
2377617
4874482
8587044
2988937
7749637
4986480
2787325
4856420
6740619
2165912
4693235
2849203
8564052
4318202
1877585
5511309
1234253
8270887
5605523
6864891
3389522
2534903
5325268
6822312
5568732
7715408
4825006
4043167
9890894
9837581
7924786
5116719
7643216
3207650
7124100
5807992
7131741
9574805
5351776
9089179
3180903
5528528
1402887
1059171
1192495
3796578
4934748
2063157
5562144
1599556
1776281
7549309
2207338
2347898
7816700
2038371
5951810
4393104
4102098
8983969
7423977
9231488
3733327
6514684
6297626
9329848
6070302
4823587
3101538
9593624
7824890
8945453
8483422
7799310
9016340
3721570
5603089
2711228
4661417
9438720
9279162
5048282
6490590
1010753
5913175
1135755
6301452
4450357
6789328
9823041
7385911
7686643
9139126
1916924
7239242
6520065
2822565
4876376
1017361
8522447
2556233
9364417
2741672
5267157
1300944
9894311
6229816
3783138
6396426
4100269
3527865
7069040
2496024
8122517
4885029
6520180
8898138
5817377
3192679
4573386
3896049
9079509
9785276
4473121
3355283
7547427
4970764
3321116
4754532
3379507
1886337
7957897
2135060
6419788
9608324
6174603
6009982
8847984
6768528
4761115
6893855
1398064
7627078
4651449
9973339
7988055
4279194
3759544
9095857
4709161
5872184
9735415
5696602
3521364
9170939
5701320
2873936
4537199
5437323
4883312
2752366
7829950
3791408
9928793
2069224
7383428
1345537
8842970
3820212
8491657
7850507
3599580
9715756
7205819
1397496
6816600
1173423
4920321
7449003
8796934
7291734
1028563
7566148
6928738
6000248
7233662
2268628
4884858
6825676
5225384
9904350
6418628
2735852
1169898
6956391
1665913
9896007
7290848
7999633
6453089
5208421
4830245
6464490
4095177
3097419
5401374
6798792
3650052
7727655
3184294
5683974
8315716
5200572
7991291
1034643
6493987
3568703
5149164
9365008
8251544
5225478
5801854
7064287
3144812
9208719
6895462
9059805
7398511
1978354
5653297
9035889
3471850
6932791
9033916
8563135
2403190
2980534
7805194
7569688
8490805
2773664
4175512
1269876
2793816
1335589
9978530
3023423
1073822
4349719
6648862
7235929
8442678
4103535
7936811
8404104
6597194
2239885
9662458
3298729
7430988
1149349
4012288
3669945
4037853
8379923
9852476
9186236
1653551
4599337
2130785
8447088
5701496
7943370
9823058
7201101
7085487
5985887
3006380
4734425
3910736
9967801
8986036
4742592
1784546
2076231
9425649
9651115
6994056
3459617
4530499
2006172
4506504
5193187
9458408
8982047
2214881
8970799
6814162
2068748
7250638
8754349
1246708
9853506
7489743
5975854
4001149
3736427
8505158
1173334
4661576
9330103
4338269
2088196
9276911
4936818
8315904
7250633
2046391
4270163
7473215
9897049
5659455
1059764
4078568
8250016
2007438
2067406
3166535
6405339
5023534
3648024
5969349
9079966
3187636
8688849
4347647
1040246
7887499
6373694
1079542
3103591
6840717
9243415
3966064
8732244
2242058
9151544
7035707
2364525
8289835
5864452
9589377
9382407
5816301
8320521
2399577
6286455
1702060
7651517
1507106
4180201
6396403
2007295
9582320
1914778
2125281
2253692
1824581
9250326
2164472
5665136
3075970
9863107
2000230
8280744
1421184
2665599
9636606
2740463
8338652
8678407
2210169
1627935
1883274
6015375
7429016
5562188
5067322
4804560
2695905
2573427
7153851
3832166
7739007
5232564
2851284
9365300
3785892
5574343
2607084
5206352
8029660
8187898
8815618
8103957
1721247
9396088
1453792
9874512
7773444
7706129
6930700
9131300
3216519
1265195
5826284
7773509
2207633
2322085
9157946
7822026
7748669
4860338
1776698
6573268
1487886
8525135
4732204
5912771
9804285
5306472
2531435
5510918
7700718
6190783
2324668
1197153
2760241
6258008
7562222
8650463
4938039
9880674
9239171
9693979
8145923
3090964
2775752
9099550
5883807
1014443
9252087
2610724
4363339
3389805
1442125
3949682
8464147
3667967
3519660
7791047
5420947
5672943
1484204
5284916
2842474
5480855
5960850
3092441
7455867
2403013
6367430
6331807
3818009
1675938
5986306
3072825
2156857
7133316
5524334
8416470
9711094
1489662
9217536
3320179
7266991
7165538
4479777
5866631
8953218
8573040
7998504
4957858
5032482
7681125
6112230
4855844
2263538
4131847
4420500
6674003
1820789
2253037
7057357
8954714
5286374
7933649
4562171
1554441
6648403
2503460
8506358
4532382
5381829
7042004
5571030
2489295
2709999
8326683
7017588
7644542
8927553
5816210
7958565
7583940
5380048
8182278
9950579
4173423
8759487
1681569
5822517
3869578
1675652
3200183
1175262
2310465
6954390
2423692
6895764
3153984
8064455
8102261
3929261
6599792
1752664
1635536
4858820
4199976
1263593
7377880
4176300
7730883
6681910
5626870
5848531
3777150
9108938
5311502
5888663
7341117
4350088
4847123
1674611
5446769
5293860
9861945
8352140
8986575
9589594
6332072
4220351
8083106
3366687
4156139
2476816
9328127
8875440
2288385
3110284
8740385
6390032
4767125
7264889
2568924
4207770
1565466
6372052
6112454
9548207
8726452
5143039
8233020
1395585
8400886
9328877
3409039
1380047
4392136
5753265
2482021
5560038
3428726
8094548
5647230
3199872
2180844
5687086
7749127
9546900
1214977
7958022
1489759
9624232
3728057
4909033
6829405
2359239
1609418
6895236
1692482
8216659
7132664
2100615
4084536
4367789
5274630
4338021
9026004
3087202
6234233
7330647
7031575
9508515
8432165
6808143
8723678
2973124
3895782
3280698
6591592
3914083
8439097
8965009
5981361
9985138
1987281
6880504
6160895
1949361
2023599
5375948
2391906
7092413
1859381
4239370
8099285
6475362
9393297
1067895
8908022
5285417
1524935
3052497