1002187
1002295
1003816
1004555
1006309
1008521
1008541
1009764
1009790
1010753
1010961
1011132
1011347
1011518
1012797
1014328
1014443
1014928
1015277
1015389
1016862
1017361
1017807
1018393
1018489
1021003
1021658
1021666
1022724
1024136
1024741
1026235
1027644
1028455
1028563
1031078
1031553
1032145
1033064
1033138
1034246
1034366
1034643
1035477
1037340
1039178
1039787
1040246
1040268
1041622
1042975
1043090
1046188
1046905
1047518
1047559
1047843
1048466
1049245
1050774
1051240
1059068
1059171
1059419
1059764
1059874
1062923
1062934
1063358
1063624
1065313
1065417
1066816
1066864
1067772
1067829
1067895
1069021
1069218
1072512
1072633
1072953
1073531
1073822
1074274
1074987
1075233
1075431
1075809
1075926
1078919
1079542
1079544
1080408
1080526
1081503
1082043
1084397
1084549
1085052
1086338
1086731
1086918
1087625
1089714
1090599
1091455
1091592
1092752
1094279
1094649
1097936
1100111
1100648
1102271
1103870
1104055
1104233
1104283
1105514
1105878
1106093
1106972
1107936
1108682
1108702
1108900
1109316
1110934
1111187
1111324
1111919
1113871
1114147
1114953
1116274
1116363
1117521
1117554
1117966
1118120
1118330
1118630
1120314
1125881
1126738
1127415
1128579
1131259
1133453
1135755
1136735
1138661
1138992
1139536
1140221
1140430
1142146
1143217
1144041
1146803
1147422
1149349
1149918
1150851
1151964
1153539
1154617
1154956
1155226
1155906
1158048
1159420
1161608
1162253
1162554
1163749
1163858
1165896
1168028
1169240
1169898
1170947
1171453
1172140
1172192
1173334
1173423
1173523
1174500
1175262
1175569
1176455
1176826
1177006
1177737
1177753
1178086
1180500
1182655
1183597
1184458
1184586
1185001
1188105
1192495
1197153
1199604
1205308
1205858
1205929
1206929
1207051
1208407
1210952
1212707
1214977
1216684
1218461
1218686
1222027
1225099
1225175
1225433
1227172
1229652
1230977
1231557
1232225
1234253
1234729
1235232
1235920
1238378
1238778
1240024
1241744
1243501
1245264
1246253
1246473
1246708
1249973
1250317
1252082
1253514
1253998
1255004
1256913
1257635
1257867
1258932
1259122
1259645
1260363
1261568
1261990
1263235
1263593
1264051
1264727
1265195
1266258
1267058
1268044
1268469
1268666
1268950
1269297
1269876
1271390
1271499
1272059
1272942
1274086
1275331
1275979
1277390
1278692
1279367
1279410
1279442
1280049
1280145
1282025
1282552
1282798
1284200
1284241
1285951
1286589
1287686
1287969
1288518
1288620
1289077
1289102
1289423
1290572
1291786
1292024
1293147
1294507
1294740
1295741
1296556
1296732
1297149
1297627
1297705
1297762
1297854
1298142
1298374
1298446
1300805
1300818
1300900
1300944
1300963
1301449
1301785
1302152
1303372
1303398
1304602
1305193
1306657
1306746
1308682
1309870
1310097
1310578
1310742
1310766
1311415
1312417
1314481
1315312
1315540
1316550
1317176
1317516
1320794
1321124
1321670
1322314
1322706
1323299
1323346
1324595
1325334
1326210
1326443
1326760
1326807
1328266
1328618
1329345
1329727
1331293
1331717
1332134
1332880
1333275
1335068
1335521
1335589
1336743
1337557
1337867
1338533
1338965
1339399
1340860
1342219
1343590
1343719
1344502
1344788
1345476
1345537
1346108
1347374
1347499
1350923
1351616
1351797
1352120
1354239
1354747
1355523
1356031
1356961
1357188
1358333
1358495
1358799
1359321
1359379
1359902
1360131
1360329
1360788
1361662
1361791
1362362
1362821
1363336
1363402
1363680
1363957
1364487
1364517
1364520
1365435
1365742
1369616
1369666
1370034
1371021
1372770
1374129
1374194
1375392
1377125
1378082
1380047
1380108
1380409
1381613
1381762
1382173
1382246
1382477
1385407
1386267
1388711
1388887
1389551
1390209
1391552
1392036
1393615
1394644
1394917
1395585
1395970
1396267
1396457
1396726
1397496
1397905
1398064
1398309
1398506
1398720
1398731
1398914
1399019
1399032
1399390
1401417
1402887
1404070
1405203
1405717
1406708
1406990
1407957
1408368
1408545
1408547
1409718
1412730
1412972
1417404
1417629
1417768
1417819
1420141
1420353
1420558
1420614
1420910
1421184
1422327
1422743
1423432
1423467
1423776
1424284
1424442
1424503
1425670
1426173
1426375
1427501
1428541
1429745
1431697
1432328
1436871
1439489
1439873
1439935
1442125
1444352
1444944
1445527
1445827
1447372
1447525
1447731
1451311
1452497
1453792
1454604
1455235
1455290
1455329
1455584
1456669
1456731
1456881
1458269
1458692
1459720
1460049
1460700
1462121
1464884
1465048
1467046
1468027
1468176
1468620
1469660
1469682
1472352
1472916
1474499
1474798
1475664
1475990
1476587
1477453
1478359
1478420
1479297
1481173
1481452
1483882
1484204
1485973
1486032
1486485
1487148
1487886
1488258
1489662
1489759
1492896
1494473
1495475
1496029
1496385
1497034
1497704
1500595
1501232
1501750
1501825
1502172
1502497
1503185
1504381
1504860
1506373
1507106
1507663
1508084
1510811
1512912
1513037
1513099
1513575
1514011
1514855
1515602
1516503
1516555
1518828
1520752
1521123
1521486
1522077
1522518
1522915
1523469
1523488
1523559
1524935
1525459
1525623
1525636
1526657
1526729
1527448
1528428
1528946
1529183
1531352
1531510
1532951
1533381
1534055
1534464
1534652
1535410
1535759
1536515
1537859
1538204
1539005
1539408
1539724
1540912
1541511
1542146
1544685
1545644
1548010
1548884
1549165
1549442
1551121
1551183
1554187
1554441
1554487
1554830
1556478
1556583
1556982
1557096
1557712
1559607
1560112
1560692
1560721
1560829
1561389
1561924
1562332
1563328
1564420
1565466
1566768
1566934
1568401
1570097
1570955
1571347
1573274
1574116
1574455
1575515
1576301
1578488
1579585
1580097
1580886
1581820
1582339
1582421
1582828
1582989
1584587
1585709
1585827
1587526
1587557
1589955
1590460
1590580
1592279
1593329
1595040
1597201
1598208
1598834
1599556
1600362
1600529
1600899
1600974
1601532
1601634
1603918
1605948
1606560
1606581
1606969
1608095
1609173
1609418
1610544
1610680
1617006
1617563
1617726
1620217
1620371
1622608
1622778
1623362
1623425
1623967
1624856
1625006
1627935
1629587
1630831
1631470
1632516
1632755
1632810
1634482
1635536
1635918
1636299
1636727
1636809
1637064
1638087
1638598
1640182
1641531
1643824
1644301
1644358
1645068
1645119
1646014
1646188
1647761
1648231
1649146
1649436
1650220
1650256
1652054
1652870
1653245
1653465
1653551
1654234
1654604
1654959
1655734
1659060
1659332
1659574
1660950
1661823
1663590
1663697
1664682
1664962
1665178
1665913
1669184
1669324
1670309
1670413
1671114
1671554
1674365
1674611
1675082
1675652
1675938
1676385
1676603
1676810
1677326
1679121
1680083
1680797
1681464
1681569
1683029
1683043
1683751
1683769
1684306
1684371
1686759
1688428
1688723
1688837
1689178
1689663
1690185
1690766
1690788
1690914
1691847
1692482
1693048
1693344
1694635
1695775
1697706
1697817
1699304
1701175
1701317
1702060
1702241
1702816
1703577
1704564
1705228
1707178
1708504
1709202
1709541
1709752
1710022
1710464
1710603
1711817
1711906
1712778
1714752
1715282
1715377
1715664
1716224
1716987
1721247
1723253
1723413
1724234
1724248
1724870
1725133
1730457
1732173
1733589
1739435
1743128
1743971
1744055
1745621
1745633
1746113
1746470
1747901
1748361
1748955
1748968
1749819
1750081
1750206
1750445
1751481
1751946
1752664
1753930
1754207
1755271
1756397
1756764
1756959
1757128
1757943
1759345
1759364
1760438
1761352
1761464
1762294
1763553
1767156
1768607
1771003
1772725
1773127
1773240
1773439
1773652
1774267
1775790
1776128
1776244
1776281
1776364
1776698
1776755
1778527
1779644
1780545
1780721
1781782
1782280
1782661
1782819
1784320
1784546
1784549
1785169
1786886
1790391
1791297
1792075
1792244
1793307
1794554
1795160
1795504
1796418
1797618
1798002
1798032
1798118
1799400
1799580
1799933
1800099
1801011
1803139
1803399
1803615
1804188
1804218
1806437
1806986
1807645
1808256
1810566
1811283
1813574
1813948
1815076
1815109
1816169
1816628
1816943
1820363
1820789
1820984
1821088
1822263
1822284
1822482
1824581
1825090
1827800
1828766
1833760
1834026
1836031
1837494
1837909
1838541
1840129
1842586
1842888
1845158
1845223
1845921
1846949
1847068
1847299
1847534
1851144
1851831
1851987
1853333
1853359
1853496
1853590
1853776
1854074
1856291
1857133
1857751
1859061
1859381
1859410
1860101
1860652
1861073
1862461
1862855
1863766
1863867
1864054
1864782
1865396
1866096
1866757
1866972
1867246
1868541
1870337
1871351
1873449
1873962
1875036
1875530
1876407
1877585
1877990
1878186
1880271
1881314
1882785
1883274
1883386
1883959
1884671
1884788
1885275
1885987
1886337
1886341
1886512
1886955
1887229
1889655
1890306
1891379
1891607
1891825
1893884
1894798
1896281
1896868
1897396
1897726
1899566
1899756
1900475
1900755
1901313
1901620
1903828
1904973
1905921
1907789
1908494
1909165
1909867
1910216
1910352
1910937
1911252
1911494
1912045
1914355
1914755
1914778
1916698
1916924
1918100
1918103
1921707
1921733
1924228
1925212
1926995
1927105
1928778
1929018
1929145
1930826
1931958
1933735
1934190
1934194
1934276
1934627
1934738
1936672
1938620
1941039
1941230
1942034
1945730
1946061
1946223
1946404
1947241
1948865
1949361
1950620
1950833
1951280
1951362
1951673
1952118
1953282
1953455
1953519
1953930
1954612
1955910
1955936
1957629
1957749
1959215
1960458
1961097
1961682
1962061
1962232
1962423
1962695
1962926
1963321
1963521
1965416
1966188
1967432
1967762
1970741
1971091
1971259
1972837
1977473
1978354
1978895
1979245
1980972
1981289
1982146
1983559
1984211
1985050
1985715
1986088
1986888
1987281
1987655
1988957
1989377
1989756
1990432
1992786
1993829
1994128
1995042
1995988
1996053
1996631
1997080
1997130
1997390
1998371
1999480
2000111
2000230
2002568
2003805
2005017
2005251
2006172
2006468
2006774
2007264
2007295
2007438
2007862
2010210
2012168
2012395
2012671
2013221
2013592
2013630
2015402
2015619
2016594
2017320
2018809
2019457
2020078
2021267
2022146
2022972
2022995
2023035
2023086
2023599
2025372
2026042
2026601
2026974
2028458
2028559
2029623
2030478
2031941
2033163
2034584
2035038
2035275
2037966
2038371
2039934
2041083
2041112
2042149
2042970
2043595
2043766
2044548
2046109
2046375
2046391
2046561
2049392
2050431
2051323
2053354
2054871
2056491
2056815
2059368
2061008
2061764
2062365
2062431
2062444
2062802
2063157
2063987
2064574
2064604
2065077
2065319
2066224
2066823
2067406
2068748
2069224
2071211
2071319
2073738
2074838
2076231
2076870
2078495
2079240
2080709
2081774
2082918
2084607
2085184
2087836
2088196
2089783
2092767
2093863
2095105
2096344
2096365
2096862
2097782
2098511
2100615
2101040
2101449
2103789
2104980
2105176
2106255
2106413
2108678
2109079
2109587
2110923
2112632
2113573
2113755
2114622
2115531
2115674
2117736
2118003
2118064
2118806
2120999
2122814
2125281
2128093
2128293
2128562
2128944
2129182
2129537
2130785
2130954
2131458
2132497
2132828
2134459
2134843
2134916
2135060
2136167
2139586
2139754
2142323
2144220
2144699
2145297
2146150
2146300
2146378
2146491
2147175
2147262
2147592
2147641
2148628
2150682
2150744
2151686
2154148
2156857
2157234
2157747
2158105
2158895
2159336
2159873
2160040
2160800
2161312
2161434
2162013
2164271
2164472
2165509
2165594
2165912
2166797
2167971
2169640
2170975
2173225
2173626
2175046
2176024
2176874
2178187
2178217
2179964
2180053
2180844
2181759
2181933
2182083
2183562
2183985
2184066
2184544
2184743
2185419
2186713
2187218
2188569
2188703
2189860
2190020
2191197
2191627
2192425
2195287
2195473
2198242
2198821
2199258
2200038
2200095
2201311
2204642
2207240
2207338
2207633
2207983
2208224
2210169
2210338
2210372
2212671
2214881
2215083
2215406
2215891
2216271
2217216
2217785
2217820
2219260
2219769
2220144
2220658
2220674
2221860
2223477
2223861
2224542
2224676
2225222
2229026
2230580
2231474
2235118
2235369
2236712
2237691
2239885
2242058
2244802
2244952
2245615
2248947
2249337
2251811
2253037
2253692
2254612
2254648
2256119
2256816
2257039
2260116
2260388
2260728
2261285
2261850
2261997
2262010
2262409
2262617
2263058
2263207
2263430
2263538
2264078
2264596
2265455
2265551
2266760
2267509
2268068
2268628
2268974
2269859
2270906
2272913
2281177
2281270
2281563
2281641
2281676
2285380
2285616
2285694
2287127
2287552
2288307
2288385
2288852
2291400
2292269
2294451
2296306
2296308
2296852
2298112
2299192
2301831
2303185
2303280
2303502
2303594
2304078
2304214
2305127
2305338
2306029
2306130
2306951
2308152
2308611
2309992
2310190
2310465
2311271
2311432
2311981
2313380
2313560
2314831
2315852
2316165
2316349
2316998
2317651
2317976
2318329
2318841
2320692
2322085
2323525
2324668
2325845
2326170
2327619
2328146
2328214
2329747
2330313
2332047
2333096
2334670
2336664
2340096
2340229
2340323
2340673
2344848
2344874
2346757
2346808
2347222
2347898
2347948
2350953
2352415
2354820
2354916
2356407
2356517
2356638
2358806
2359239
2360667
2360722
2360881
2361300
2362751
2362828
2364525
2364629
2370420
2371432
2372006
2373143
2374162
2374644
2375282
2376151
2377119
2377617
2377619
2377640
2380118
2380923
2381263
2381395
2384569
2384994
2385951
2387751
2389537
2390149
2390445
2390698
2391906
2393206
2394307
2395025
2396190
2397826
2398158
2398543
2399577
2401921
2402513
2403013
2403190
2403417
2404335
2405869
2406095
2407761
2408285
2409714
2411095
2411862
2412141
2412910
2413591
2415220
2415309
2416677
2417095
2418782
2420603
2420628
2422676
2422817
2423045
2423692
2423723
2425601
2426666
2428300
2428708
2428857
2429838
2430299
2430460
2430699
2430778
2431304
2431368
2431550
2431603
2432007
2432727
2433055
2433399
2435024
2437887
2439893
2440624
2441364
2442213
2442628
2443026
2445462
2447068
2447171
2447693
2448873
2451221
2454594
2455284
2455504
2456902
2457228
2458187
2458327
2458832
2461752
2461974
2466985
2468466
2469216
2469850
2470400
2471307
2471912
2471976
2472478
2473168
2474171
2474215
2474719
2476115
2476578
2476816
2477251
2477482
2477692
2477981
2478430
2478624
2478917
2479265
2480673
2480753
2481920
2482021
2482275
2482721
2483750
2484009
2487225
2487463
2488960
2489295
2489505
2490353
2490911
2492488
2492626
2492777
2495360
2495648
2495871
2496024
2496999
2497150
2497512
2498539
2500102
2500667
2501049
2501497
2502793
2503460
2504559
2504862
2507562
2511116
2511240
2513372
2513480
2513608
2514079
2514663
2516321
2516647
2518661
2520610
2521685
2522732
2523330
2525604
2527012
2527386
2528281
2529530
2530558
2531435
2533714
2534903
2536098
2537107
2537282
2538789
2539260
2539350
2539713
2542069
2542873
2544149
2548923
2551035
2551092
2551338
2552454
2553034
2553148
2553383
2553574
2554621
2556233
2556671
2557347
2558139
2559061
2560279
2560792
2561703
2562881
2563682
2563871
2564015
2564929
2565957
2567129
2568696
2568924
2568988
2569574
2570776
2572742
2572868
2573427
2573695
2573709
2574027
2574545
2575384
2575995
2576007
2576140
2576400
2577087
2577276
2577769
2577880
2578461
2578974
2580387
2584892
2586375
2586716
2589069
2590410
2590980
2591399
2593264
2594743
2595886
2596253
2598728
2600925
2601011
2601599
2601724
2602481
2603148
2603266
2603353
2604066
2604437
2607084
2608171
2609013
2609818
2610604
2610724
2610829
2611070
2611278
2611488
2611723
2611802
2611957
2613179
2616073
2617214
2617387
2617585
2620059
2620601
2620840
2621411
2621424
2621505
2622939
2623525
2623542
2623620
2625616
2627554
2627862
2629259
2630405
2632709
2633981
2635696
2636815
2636941
2637220
2639234
2639277
2639770
2641319
2643407
2644938
2645732
2646918
2647399
2649436
2650713
2650914
2651188
2652512
2653456
2655088
2656289
2656426
2657601
2659748
2660761
2661333
2661470
2663587
2664064
2665363
2665599
2665642
2666266
2666673
2667038
2668197
2668895
2670387
2671048
2671961
2672424
2672860
2674226
2674671
2677988
2681441
2681634
2681859
2682274
2682302
2682754
2683105
2687453
2687619
2690791
2692804
2693335
2693339
2694020
2695905
2696095
2696637
2696648
2696753
2699437
2700575
2701846
2701930
2702721
2702960
2705151
2706169
2708136
2708444
2708623
2709676
2709999
2711228
2715143
2716395
2717171
2719387
2719997
2721532
2722404
2722679
2722801
2723148
2723298
2724159
2725099
2727004
2728826
2728852
2729413
2730450
2731800
2732029
2732956
2733186
2734841
2735572
2735852
2738836
2739041
2740413
2740463
2740677
2741672
2742489
2742660
2743002
2745144
2745398
2746937
2747053
2747786
2748043
2750076
2750328
2750369
2751962
2752366
2752430
2753273
2753882
2754439
2754790
2755413
2755843
2757143
2757505
2760241
2760353
2761286
2761463
2763039
2763128
2764067
2764628
2765960
2767038
2769513
2770606
2773664
2775632
2775752
2777639
2778152
2779127
2780269
2782641
2782746
2782750
2784103
2784445
2785901
2786682
2786758
2786859
2787325
2789282
2791216
2791983
2792539
2792772
2793816
2795402
2797208
2797338
2797696
2798671
2801486
2801640
2802069
2803479
2804061
2804590
2804812
2805395
2806290
2808672
2809941
2810199
2811231
2812180
2812381
2813565
2814378
2816797
2817964
2819359
2819786
2821486
2822565
2823698
2823736
2824820
2826465
2826867
2827828
2829585
2829904
2830023
2830260
2831190
2831906
2832028
2832052
2833523
2833859
2833910
2834418
2835378
2836624
2837269
2838721
2842401
2842437
2842474
2843917
2844320
2844594
2845500
2845976
2846111
2846126
2849203
2849831
2851284
2852284
2852826
2853000
2853144
2856663
2857896
2858013
2859285
2859497
2859754
2860632
2861094
2861569
2861715
2862250
2862519
2864797
2865620
2866827
2867952
2869478
2869738
2869962
2870756
2870972
2872644
2873340
2873936
2874958
2874989
2877860
2878245
2878439
2880008
2881531
2881566
2882171
2883044
2883126
2883132
2883174
2883801
2885394
2885904
2887801
2888108
2895100
2896697
2897420
2898114
2899461
2900367
2900680
2901505
2902118
2902891
2902925
2903444
2903508
2905461
2906221
2907162
2907441
2908751
2909167
2909854
2910889
2911430
2911751
2912287
2913185
2916092
2916341
2916656
2917509
2919770
2920795
2925016
2925403
2926043
2926168
2927006
2927272
2927726
2927879
2928270
2928560
2929030
2929619
2930171
2931019
2932473
2932616
2935053
2936461
2936484
2936727
2938009
2939906
2943427
2944304
2945782
2948076
2948281
2949719
2950311
2953167
2954763
2957199
2957804
2958360
2958420
2960545
2961173
2961943
2963241
2963684
2964873
2966568
2967605
2967829
2968383
2968686
2969666
2971738
2972180
2972855
2973124
2973480
2973482
2974178
2975481
2975562
2976488
2979196
2979897
2980534
2980644
2984455
2984509
2986104
2986927
2987049
2987586
2987689
2988332
2988420
2988666
2988770
2988937
2989279
2990078
2991259
2991341
2991814
2992050
2993819
2993852
2994093
2996068
2996545
2997191
2998272
2998621
3001311
3002265
3003266
3005171
3005686
3006380
3006593
3006726
3008142
3011219
3011335
3012309
3013934
3017089
3017517
3018642
3020126
3021228
3022803
3022823
3023423
3023914
3024665
3028526
3029336
3033448
3033730
3034350
3034676
3035340
3036389
3036920
3038480
3041147
3041818
3043229
3043563
3045613
3048697
3049484
3049994
3050468
3051569
3052497
3053897
3054428
3055529
3060437
3060566
3061624
3062004
3063164
3063895
3064179
3065561
3065754
3067469
3067565
3067666
3067785
3068322
3068809
3069171
3069173
3069379
3069390
3070972
3072483
3072825
3073495
3075072
3075086
3075970
3075989
3076324
3076893
3077887
3078362
3079022
3079227
3080178
3080237
3080874
3081207
3081783
3082809
3083231
3083305
3083629
3084358
3085473
3085739
3086437
3087034
3087202
3088020
3088210
3089424
3089573
3090327
3090808
3090964
3092296
3092311
3092441
3093441
3094074
3095173
3096550
3097247
3097419
3097892
3098945
3099152
3099864
3101538
3102453
3103591
3104179
3105373
3105756
3106144
3106797
3106856
3109573
3109851
3110284
3111148
3111176
3112424
3113043
3113179
3113809
3114363
3114502
3114763
3115172
3115788
3118084
3118304
3119817
3120432
3121514
3122568
3125622
3126242
3126251
3126754
3127884
3129074
3130974
3135315
3135439
3136495
3138785
3139947
3141768
3144630
3144812
3146130
3147102
3147891
3148647
3148856
3149352
3152183
3152400
3153298
3153604
3153984
3154321
3156437
3161548
3161598
3161763
3164637
3165654
3166535
3166647
3166783
3167197
3167450
3167685
3169203
3169743
3170049
3172291
3173224
3173439
3174796
3176846
3178452
3180632
3180820
3180903
3180974
3181227
3181509
3183621
3184294
3184403
3184418
3185124
3185191
3186222
3187162
3187636
3187745
3188705
3189589
3190541
3192025
3192679
3193841
3194548
3196277
3199872
3200183
3200891
3201186
3201445
3202104
3203822
3203942
3204277
3204480
3205851
3206135
3206869
3207650
3208744
3209403
3210002
3211263
3211999
3212191
3212213
3212543
3212981
3213953
3214142
3214809
3215190
3215580
3216519
3217617
3218082
3218674
3218703
3218746
3220098
3221926
3222711
3223594
3224439
3225738
3228449
3231248
3231603
3232747
3235740
3237943
3240083
3240291
3240360
3241118
3241638
3241732
3243423
3244155
3246390
3246570
3247696
3247752
3249952
3250325
3252725
3253549
3253925
3254457
3254533
3254686
3254830
3256242
3257406
3258186
3259121
3259413
3259824
3259830
3260343
3260483
3261803
3262116
3262318
3262453
3263358
3263777
3264133
3264546
3264776
3264817
3267166
3267968
3269376
3270173
3271279
3274421
3274674
3274918
3278325
3279710
3279843
3280624
3280698
3281096
3282877
3283321
3284885
3285600
3286977
3287518
3287566
3287691
3287707
3288272
3288308
3289530
3289590
3289598
3289708
3290522
3291129
3291319
3291587
3292355
3293186
3293785
3296119
3297051
3298729
3299229
3301721
3302789
3302981
3304472
3304492
3304570
3304806
3304982
3305413
3306084
3306270
3306528
3306589
3306983
3308031
3308310
3308373
3308712
3308895
3310142
3310478
3313868
3315199
3315342
3316868
3318876
3319440
3320179
3320255
3320780
3321116
3322153
3322575
3322811
3323791
3324290
3324914
3325004
3325451
3325491
3326784
3327956
3328167
3329211
3329324
3330383
3330403
3330432
3332050
3333486
3334623
3336479
3336808
3338290
3339037
3339828
3341066
3341262
3341964
3342927
3343428
3343487
3343523
3343715
3343812
3346978
3347274
3348726
3349152
3350385
3350641
3351339
3353030
3355283
3355758
3355924
3356001
3356937
3359653
3360969
3361138
3361377
3362061
3362333
3363320
3364529
3366563
3366687
3370780
3371130
3371343
3371441
3372079
3372258
3373750
3374330
3374573
3374964
3375873
3378374
3379507
3380828
3380854
3383036
3383467
3384081
3384474
3386308
3386899
3387062
3387161
3388970
3389456
3389522
3389805
3390451
3390561
3390590
3391408
3391420
3392192
3393446
3394698
3399438
3399613
3404218
3404320
3404774
3405229
3406406
3407267
3407294
3408196
3408808
3408867
3409039
3409503
3409670
3410290
3410891
3412001
3412481
3413836
3413839
3416524
3417861
3418042
3418645
3419120
3421927
3424580
3424827
3426012
3426210
3427751
3428726
3431435
3432459
3432461
3432799
3433496
3434278
3435516
3436120
3436358
3436893
3437442
3439036
3441437
3441931
3443848
3443907
3444034
3444586
3444699
3445105
3446537
3446620
3447579
3448854
3449942
3450411
3451194
3453060
3453918
3454775
3455596
3455616
3456022
3457293
3457777
3458788
3458878
3459430
3459617
3459809
3461998
3463961
3465383
3466424
3466697
3467369
3468689
3470135
3470151
3471264
3471775
3471850
3471855
3472449
3472622
3474057
3475167
3476542
3478234
3478508
3480456
3480486
3480853
3483996
3486298
3489283
3489299
3489472
3490492
3495390
3495909
3496550
3496615
3497099
3498707
3499772
3499905
3500507
3500756
3501423
3502364
3503515
3504692
3509024
3516384
3516732
3517346
3519660
3520869
3521364
3522832
3523599
3525122
3525455
3526368
3527062
3527528
3527748
3527865
3531243
3533693
3533834
3537131
3541696
3542096
3542819
3544025
3544473
3545410
3545530
3545654
3546195
3547844
3548009
3551424
3551733
3551960
3555667
3556471
3556910
3557125
3557351
3557704
3559846
3560500
3561438
3563400
3563777
3564163
3565377
3567773
3568703
3569417
3569568
3570025
3570631
3571096
3572807
3575125
3575354
3575524
3575735
3575745
3576413
3577102
3577837
3578216
3578299
3579820
3581775
3582739
3583720
3587984
3589261
3591141
3591204
3591394
3595215
3596715
3597724
3598923
3599580
3600235
3601177
3602770
3602916
3603013
3604186
3606768
3607379
3608388
3610236
3612698
3613813
3614099
3614418
3616439
3617181
3618088
3618099
3618155
3619719
3619917
3620361
3621832
3623150
3623842
3623867
3624138
3624680
3625053
3627269
3629363
3629666
3630638
3630861
3631481
3631484
3631658
3632070
3632781
3633294
3633531
3634195
3634198
3635223
3635257
3636874
3637069
3637783
3641464
3641800
3642123
3643947
3644862
3644863
3645173
3645294
3645918
3648024
3649287
3649903
3650052
3650625
3650660
3651407
3652975
3655007
3655217
3655321
3656845
3657952
3659697
3660381
3660591
3660600
3661164
3661792
3663701
3664969
3664974
3664986
3665269
3665510
3667889
3667967
3668076
3669358
3669588
3669880
3669945
3670152
3671117
3672636
3673105
3673231
3675337
3675685
3675739
3676531
3677733
3677867
3678105
3680970
3685054
3685070
3685466
3685761
3687329
3687727
3688069
3688547
3688643
3688818
3690750
3690806
3691291
3696244
3696374
3696557
3698107
3698393
3698593
3699571
3700769
3700932
3701235
3701511
3704335
3707675
3707758
3708445
3709392
3710307
3710769
3710883
3711270
3713802
3714611
3719471
3720275
3720922
3721570
3721611
3721618
3723807
3726735
3726830
3727272
3728057
3733042
3733327
3734688
3734997
3736427
3737938
3738756
3740673
3740994
3741180
3741520
3742134
3742173
3742508
3742559
3742586
3742715
3743057
3743977
3745033
3746507
3748514
3749331
3750799
3751545
3752699
3753542
3755453
3758614
3758694
3758705
3759544
3760521
3762363
3763120
3763605
3763989
3764052
3764185
3766274
3766500
3766832
3767521
3768470
3769272
3769464
3771437
3771809
3774048
3774627
3775988
3777150
3777853
3783138
3784360
3785178
3785892
3786019
3786212
3787732
3791408
3792866
3793319
3793333
3793998
3794528
3795107
3796578
3796610
3797620
3800237
3800302
3800700
3802055
3803337
3803519
3804963
3805104
3806635
3807200
3809684
3811336
3812016
3813285
3813356
3814006
3814376
3815028
3815292
3816220
3817477
3817891
3817940
3818009
3818486
3818736
3819128
3819795
3819866
3820212
3821607
3821665
3822571
3823467
3823495
3825993
3827301
3827302
3827357
3828104
3829685
3830156
3830413
3831137
3831736
3832166
3832687
3834196
3834516
3834681
3835129
3836253
3838328
3839685
3841988
3844015
3845552
3845971
3846592
3847163
3848760
3849883
3851328
3851789
3852291
3853580
3853790
3854241
3854491
3856306
3856344
3857251
3858072
3858300
3858843
3859155
3860206
3861858
3862496
3863305
3864093
3865123
3866295
3868242
3869578
3869710
3870986
3871277
3872487
3872771
3873853
3874658
3875588
3875996
3876264
3878882
3880036
3881300
3881904
3882836
3883734
3883991
3884781
3885681
3887149
3887674
3887983
3889447
3890982
3893403
3893829
3894371
3895064
3895082
3895782
3896049
3896446
3897241
3897477
3898261
3898713
3899081
3899630
3900751
3902238
3904136
3905929
3907361
3910736
3914083
3915002
3915277
3916249
3916756
3916760
3917341
3919390
3919863
3919951
3919974
3921181
3921737
3924508
3925247
3925937
3927101
3929161
3929261
3931171
3934099
3935174
3935179
3935467
3935817
3938068
3939873
3940717
3942956
3943279
3943350
3944590
3945049
3946894
3947049
3947172
3947566
3947899
3949682
3950560
3951022
3951187
3953701
3954823
3955131
3956983
3957157
3957670
3961965
3963539
3964207
3964362
3966064
3967289
3969754
3970646
3970836
3970920
3973428
3973774
3974129
3975402
3975604
3976488
3977853
3979080
3979438
3979709
3979758
3979865
3980381
3980846
3983087
3983410
3983497
3985908
3987974
3988525
3988530
3990613
3991255
3991599
3992320
3992900
3993394
3995005
3995661
3996004
3998431
3999870
4001149
4001712
4002250
4002500
4003957
4004301
4004820
4006424
4007417
4008796
4008856
4009775
4009999
4011452
4012288
4012650
4013331
4015467
4015708
4016306
4017573
4017809
4020549
4020856
4022997
4024308
4024495
4024842
4025200
4026012
4027500
4030003
4030602
4030704
4031737
4031885
4032425
4032772
4034202
4034426
4035061
4036704
4037460
4037730
4037853
4038094
4039760
4041245
4041287
4042153
4043167
4044087
4044384
4044537
4044549
4044965
4045344
4045730
4048338
4049759
4050320
4050500
4050684
4055097
4055122
4056100
4056823
4059939
4059993
4060552
4061272
4064651
4065445
4065909
4067684
4068079
4069273
4071680
4071777
4074888
4075090
4076163
4076877
4077389
4078568
4079495
4080155
4083546
4084119
4084536
4086537
4087930
4089575
4090168
4090174
4090457
4091352
4092559
4093431
4095177
4097213
4097583
4097719
4098377
4100158
4100269
4100358
4101050
4102098
4103185
4103535
4103904
4105828
4106308
4106326
4107750
4108612
4108996
4111414
4111841
4111878
4113685
4116930
4117802
4117811
4119130
4120107
4120721
4120809
4121881
4122347
4126247
4126301
4127879
4129964
4130882
4131847
4132318
4133856
4134863
4136628
4136935
4137271
4137477
4139055
4139153
4139432
4141937
4142549
4143227
4143797
4143993
4144680
4144711
4145254
4145815
4146046
4146135
4149041
4150721
4151263
4153337
4153354
4155417
4156095
4156122
4156139
4157307
4157309
4158676
4159002
4160887
4161053
4163593
4163671
4164023
4164508
4167177
4168223
4168233
4169188
4169771
4170805
4171566
4171862
4173000
4173423
4174734
4175435
4175512
4175924
4175999
4176300
4177462
4178129
4178570
4180195
4180201
4180902
4182257
4182437
4183708
4184226
4184270
4185186
4189552
4191191
4192165
4192713
4194341
4195651
4195658
4195957
4196557
4196732
4196947
4197742
4197896
4199976
4200368
4200806
4203153
4203297
4203352
4204165
4204918
4207770
4209827
4210976
4211160
4211207
4212044
4213893
4215426
4215678
4215731
4216081
4218008
4218981
4220254
4220351
4222206
4223955
4224672
4225461
4225540
4226105
4226188
4228237
4228637
4228678
4229319
4229346
4229355
4229411
4231453
4232165
4234511
4234962
4237045
4237322
4237661
4239370
4239957
4242068
4243489
4243791
4246094
4246595
4247267
4247847
4249111
4249142
4253612
4254796
4255770
4256371
4256869
4258417
4260254
4261618
4262073
4263373
4265734
4266310
4266705
4267806
4270163
4271020
4271183
4271345
4271385
4272771
4274116
4274289
4274554
4275082
4275565
4275685
4276705
4277480
4278384
4279194
4280134
4282149
4283718
4284537
4284835
4285807
4286610
4287838
4288473
4292003
4292066
4293439
4293790
4293994
4295069
4295182
4296161
4296616
4296930
4297572
4297954
4298716
4298825
4298880
4300308
4300584
4303212
4303383
4303736
4303930
4304122
4305546
4306205
4307497
4307541
4307867
4308210
4308663
4309076
4310516
4311036
4311128
4312850
4314356
4315634
4316148
4316758
4318202
4318311
4318972
4319211
4320814
4322080
4322290
4322389
4323235
4326873
4329842
4330250
4331449
4331968
4332608
4332914
4333183
4334373
4336169
4337609
4338021
4338269
4338528
4338685
4340054
4341175
4341413
4343863
4343931
4343941
4345208
4345987
4347647
4347809
4349054
4349510
4349719
4350088
4350826
4351109
4351853
4352369
4352967
4353363
4353549
4355288
4355668
4355745
4355851
4357998
4360954
4361280
4361928
4362282
4362344
4362822
4363120
4363339
4365154
4366750
4367789
4367863
4368418
4368691
4369548
4369672
4369997
4370507
4370948
4371348
4374176
4377150
4377831
4378061
4378667
4378879
4379463
4379646
4381376
4382084
4382625
4383087
4383234
4383814
4383897
4383947
4385014
4385949
4386706
4391867
4392136
4392633
4393104
4393939
4394457
4395149
4395272
4399319
4399400
4400379
4400517
4401171
4401760
4402245
4402456
4403654
4403901
4404576
4404800
4405314
4405380
4406475
4407492
4407782
4409117
4410395
4411119
4413953
4414924
4415219
4415455
4416029
4416794
4416973
4419327
4420500
4420907
4421210
4422689
4423322
4424821
4427721
4428622
4430271
4431878
4433179
4433458
4434595
4434829
4435112
4436082
4437750
4443547
4443841
4444250
4445025
4445172
4445385
4447218
4447735
4447783
4449382
4450357
4451010
4451023
4452135
4452537
4454840
4455005
4455274
4455347
4455445
4456213
4456291
4457750
4458604
4459618
4459625
4460300
4460690
4461766
4462710
4463680
4465064
4466151
4467504
4467720
4468956
4469301
4471592
4472719
4472954
4473121
4473340
4475720
4475796
4475918
4475952
4477075
4477514
4479212
4479777
4481340
4481585
4482508
4483449
4484308
4484841
4485963
4486953
4488938
4489267
4489788
4491636
4491807
4493255
4494132
4495194
4499398
4499941
4501057
4501646
4501769
4502332
4503599
4505601
4506504
4508933
4510009
4511231
4513343
4515128
4515137
4518015
4518251
4518258
4518462
4518626
4518974
4519160
4519784
4520289
4520408
4520446
4521804
4521861
4521881
4522325
4522922
4523551
4524350
4524600
4525680
4525761
4525980
4527480
4527772
4528094
4529056
4529627
4530012
4530499
4531462
4532211
4532382
4532861
4533770
4533774
4533967
4535106
4535311
4537199
4538709
4540164
4542226
4543062
4543951
4544969
4545404
4545422
4545852
4545940
4545961
4546949
4547183
4547591
4548001
4548215
4548490
4548996
4550068
4551565
4555477
4557564
4557889
4558621
4559074
4559855
4560346
4561417
4562171
4562238
4563425
4564449
4565900
4566292
4568214
4569976
4570079
4570468
4571046
4571297
4572541
4572574
4572884
4573386
4573490
4574120
4576511
4577231
4578315
4578845
4579264
4582919
4585759
4586127
4586272
4587308
4589104
4589108
4593640
4593898
4595887
4595939
4598228
4598538
4599037
4599061
4599181
4599337
4600106
4600665
4601121
4601181
4601418
4601947
4601959
4602050
4602947
4603042
4604822
4605230
4605747
4606296
4606788
4606799
4607710
4608412
4609934
4610533
4611621
4612288
4613423
4614173
4618066
4618568
4619334
4619852
4619917
4620429
4620553
4622092
4622278
4623122
4623378
4623521
4625475
4626331
4627901
4629385
4629880
4630234
4632608
4632684
4635143
4635833
4636343
4636595
4637170
4638257
4639775
4640767
4642599
4643677
4647374
4647426
4647679
4649723
4650183
4650510
4651449
4652042
4652518
4655499
4656063
4656452
4656993
4657940
4659852
4661417
4661553
4661576
4663713
4666677
4667001
4667651
4667765
4669133
4670081
4670873
4671864
4672075
4672640
4672951
4673684
4673906
4675087
4675597
4677207
4677438
4679228
4679395
4679402
4680969
4681351
4682597
4683311
4686107
4686881
4688943
4689669
4691776
4692581
4692943
4693235
4696129
4697329
4698855
4699975
4701215
4701260
4701441
4702581
4704836
4705162
4705331
4706540
4709161
4710918
4711260
4711774
4713000
4713029
4713914
4714066
4714116
4714450
4715448
4716984
4717781
4718311
4718597
4718996
4719896
4721013
4722759
4726870
4727429
4729350
4729845
4730097
4730137
4732204
4733409
4733918
4734083
4734425
4735127
4735412
4735570
4737364
4737902
4742530
4742592
4742696
4747158
4747896
4748143
4749737
4750266
4750724
4753134
4753518
4754498
4754532
4754638
4757554
4757842
4758316
4758632
4760144
4760357
4760473
4761115
4761132
4761329
4762481
4762580
4762815
4763067
4763219
4763813
4764157
4765290
4765751
4765763
4766202
4767125
4767981
4769522
4771347
4772473
4772824
4772927
4774069
4778217
4778610
4779610
4782568
4782805
4782918
4782937
4784293
4784485
4786555
4787059
4787271
4788885
4789337
4791758
4792175
4792887
4792952
4793269
4796088
4798138
4798792
4798956
4799313
4799937
4802094
4803590
4804316
4804560
4806169
4806581
4806585
4807205
4807742
4809229
4809326
4809903
4810706
4811291
4813341
4815610
4815819
4816133
4816556
4817020
4817302
4817494
4818757
4823587
4825006
4825395
4828737
4829910
4829972
4830161
4830209
4830245
4830373
4830730
4831071
4831236
4831882
4833129
4834466
4837131
4838160
4838504
4841006
4841619
4845939
4846218
4847123
4847570
4847881
4848141
4848852
4849319
4849552
4854558
4855208
4855397
4855844
4855998
4856420
4856961
4857816
4858820
4859656
4860037
4860206
4860338
4862159
4864734
4864820
4866435
4868611
4870382
4872253
4873622
4873651
4874482
4875673
4876376
4876613
4877020
4878884
4879727
4879746
4879915
4881875
4882947
4883312
4884083
4884858
4885029
4886700
4888342
4888858
4889136
4889176
4889448
4892185
4893578
4895467
4895503
4896705
4899021
4900909
4901652
4904892
4906690
4908239
4908324
4908508
4909033
4909099
4909129
4910527
4910965
4911359
4911797
4916576
4917915
4918594
4919192
4919340
4920321
4920850
4921026
4922738
4924258
4924611
4924970
4924986
4927020
4927638
4928420
4929036
4929706
4930193
4930673
4930995
4934748
4935313
4935478
4936818
4938039
4938251
4938618
4940220
4940588
4941078
4941080
4941853
4942324
4942753
4944966
4945213
4945844
4948311
4948776
4948935
4949875
4950577
4950862
4951461
4951858
4952371
4953377
4954238
4955242
4956147
4956453
4957355
4957858
4958688
4959366
4959390
4959604
4960334
4964352
4964473
4967607
4967747
4968360
4968947
4969194
4970088
4970243
4970764
4970924
4972229
4972569
4973261
4974513
4975070
4975111
4975114
4976806
4977882
4978465
4978828
4979794
4983771
4984323
4986480
4986550
4986975
4987084
4990133
4990685
4991139
4991235
4991460
4991817
4994289
4994599
4997928
4998659
4998929
4998948
4999499
5000001
5002094
5002832
5003188
5004030
5004165
5004234
5004594
5006069
5006510
5007575
5009095
5009325
5009534
5010081
5012012
5012369
5013457
5014758
5015198
5015432
5015599
5020344
5021702
5023534
5023887
5024585
5024684
5025474
5025946
5026717
5027831
5028031
5030295
5030626
5030695
5031418
5031630
5031971
5032482
5032879
5033042
5033821
5034956
5035379
5037394
5038784
5039203
5040098
5040841
5042042
5042072
5042293
5042789
5045955
5047126
5047559
5047771
5047968
5048282
5048367
5048502
5048989
5049142
5049977
5050419
5052352
5052630
5053549
5053821
5055100
5055122
5055355
5055554
5055857
5058181
5059433
5060178
5061068
5061230
5064017
5064345
5064519
5065605
5065634
5067210
5067322
5067864
5068464
5070238
5070518
5072693
5072798
5073466
5073981
5074415
5076074
5076163
5077019
5077722
5078219
5078900
5080407
5085279
5085318
5085742
5085962
5087886
5088435
5090119
5091688
5092205
5093091
5093499
5097895
5098216
5098361
5098386
5099409
5099485
5099654
5103845
5107783
5108394
5108671
5109553
5109664
5109733
5109750
5109866
5109957
5113761
5114298
5114791
5116215
5116719
5117093
5117962
5119627
5120029
5121846
5122436
5122459
5122461
5122817
5123336
5123683
5124012
5124263
5124847
5126103
5126588
5126649
5126691
5127101
5127543
5127940
5128887
5129305
5130281
5131511
5132509
5135345
5135672
5136736
5138918
5139410
5139846
5139902
5140576
5142505
5143039
5143657
5144308
5145100
5146002
5146227
5147072
5147877
5149164
5149736
5153591
5154863
5155628
5155794
5158256
5158449
5158610
5159298
5161544
5161610
5162559
5165771
5166092
5166370
5170012
5171043
5171900
5174132
5178589
5180249
5180798
5184332
5184364
5184737
5184920
5184921
5185015
5186789
5186840
5187069
5187368
5189596
5189960
5190723
5191669
5192215
5192624
5192656
5193091
5193187
5193996
5194632
5195255
5196650
5197554
5197681
5197737
5198462
5199242
5199373
5200121
5200423
5200572
5201834
5203377
5205129
5206352
5207922
5208421
5208921
5209093
5212035
5212185
5212877
5213982
5215359
5215375
5215740
5217018
5217412
5218694
5220144
5224703
5224849
5225004
5225384
5225478
5226052
5227812
5228031
5229097
5230150
5232001
5232476
5232564
5232633
5232671
5232796
5233514
5233775
5233823
5236297
5238985
5240870
5243140
5246768
5248225
5248618
5251601
5251724
5251784
5253208
5254339
5254519
5254662
5255532
5255953
5257534
5257609
5257976
5258790
5259275
5259934
5260062
5261350
5261399
5262753
5263980
5264570
5266333
5267157
5267728
5267760
5269968
5274048
5274630
5275835
5277226
5278171
5278592
5279165
5279918
5281243
5283000
5283399
5283469
5283792
5284619
5284916
5285417
5286015
5286374
5286754
5288935
5289941
5290850
5291448
5291780
5293776
5293816
5293860
5294610
5294642
5295196
5295799
5296494
5297093
5297480
5298960
5299019
5300383
5301214
5301990
5303142
5303293
5304784
5305215
5305257
5305327
5305458
5306472
5306599
5309546
5310651
5310981
5311502
5311573
5312420
5313259
5313555
5314146
5314433
5318655
5320414
5321362
5321858
5323401
5323737
5324410
5325268
5326054
5326802
5327471
5329710
5330330
5333312
5334037
5334073
5336157
5336831
5339637
5340136
5340975
5341389
5341921
5345986
5346788
5346849
5347901
5350905
5351287
5351717
5351776
5352205
5353134
5353992
5354364
5354431
5355560
5358227
5359919
5360912
5363814
5364324
5367267
5368206
5369432
5369612
5369677
5370945
5371875
5372031
5373608
5373954
5375948
5377019
5377739
5378059
5378235
5378536
5379940
5380048
5381829
5382822
5384534
5385290
5386921
5388066
5390145
5390302
5390706
5391266
5391567
5392086
5399194
5401374
5401810
5402347
5402754
5403112
5403474
5403531
5404833
5405254
5405995
5406455
5407188
5407306
5407395
5410622
5410788
5412582
5413738
5417587
5418711
5419895
5419935
5420947
5421199
5421563
5421656
5421874
5422158
5422717
5423935
5424420
5426143
5426320
5426330
5427649
5427819
5427955
5429567
5432938
5433726
5435299
5435696
5437323
5438583
5438735
5438967
5440546
5444908
5446769
5447482
5448580
5448605
5449668
5450757
5450774
5451208
5454544
5456503
5456578
5456885
5457656
5458886
5461846
5462351
5462902
5463543
5463699
5466914
5468444
5468841
5470111
5470370
5471709
5471738
5474056
5475521
5475780
5475919
5475995
5476307
5477918
5479641
5480050
5480269
5480855
5481286
5483550
5486007
5487141
5488762
5489996
5490189
5490619
5494839
5495159
5495173
5496238
5497653
5497991
5498731
5499399
5499826
5500209
5500469
5500947
5502103
5503154
5503285
5504045
5504602
5504645
5505592
5505656
5505965
5506151
5510706
5510918
5511309
5511446
5514587
5515520
5517390
5517854
5519162
5520349
5521028
5521345
5522474
5523532
5524213
5524334
5524626
5524706
5525326
5525422
5525754
5526108
5528528
5528569
5529065
5529631
5529916
5530538
5530692
5531751
5531905
5533485
5537625
5538443
5540116
5540496
5542120
5547681
5547747
5550255
5550751
5552252
5552397
5554170
5554924
5555309
5555374
5555688
5558453
5558843
5559382
5560038
5560582
5560586
5560731
5560806
5560988
5561741
5562144
5562188
5562782
5562883
5563533
5563725
5564227
5564903
5566768
5568732
5569317
5569593
5569823
5570281
5571030
5571243
5571517
5574042
5574343
5574611
5575219
5575412
5575547
5577193
5577435
5578468
5579506
5580261
5580329
5580950
5582733
5584131
5584769
5585167
5586852
5587312
5587661
5588580
5589903
5591098
5592606
5593697
5593730
5594218
5594349
5595189
5596266
5596624
5599721
5603089
5603109
5605523
5606263
5607309
5607576
5609075
5610050
5610470
5612819
5614919
5616334
5619330
5620618
5621444
5622164
5622328
5622743
5623482
5624971
5626870
5627756
5629275
5630219
5631937
5632142
5633269
5633751
5635565
5635601
5637093
5637376
5637528
5637906
5639193
5640943
5641872
5642016
5642017
5644707
5646395
5646868
5647230
5648120
5648612
5650931
5651755
5652023
5652737
5653297
5654089
5656805
5657024
5657532
5657576
5659228
5659455
5659575
5659680
5660218
5660979
5661084
5661165
5661494
5662822
5665136
5666085
5667062
5668619
5669065
5669590
5672000
5672773
5672943
5673832
5675835
5677361
5677822
5678127
5678326
5680524
5683665
5683974
5684057
5684255
5685083
5686650
5686983
5687086
5687968
5689874
5691872
5692188
5692465
5692893
5693005
5693553
5693936
5694586
5696602
5696906
5697686
5698210
5698258
5698713
5699261
5700323
5700458
5701320
5701496
5701803
5701820
5702001
5703681
5704342
5704851
5705764
5707530
5707556
5707902
5708079
5708186
5708292
5709832
5709870
5710920
5711975
5713217
5713280
5713531
5714291
5714430
5715251
5716314
5716325
5716452
5716607
5717025
5718987
5720050
5720078
5720187
5720446
5721999
5722919
5723071
5724270
5724905
5725009
5728836
5728866
5729002
5729564
5729566
5732534
5732739
5733727
5734497
5735435
5735514
5735737
5737533
5738191
5738483
5739375
5740393
5740785
5740807
5745486
5745755
5746933
5749098
5749431
5751685
5751795
5752072
5753265
5753298
5754912
5756718
5756806
5756810
5757454
5757920
5759110
5759603
5762170
5762322
5765752
5766082
5766894
5768752
5772873
5773362
5774076
5774110
5775255
5775730
5776042
5776126
5776724
5781956
5782379
5783455
5783865
5784332
5785080
5785167
5788726
5789328
5791211
5791336
5792142
5793112
5793564
5794198
5795239
5796377
5796591
5797310
5797973
5798986
5799945
5800301
5800508
5801854
5803438
5804738
5807992
5808161
5808262
5808388
5808615
5809911
5810498
5813293
5813855
5814891
5816210
5816301
5816320
5817377
5817573
5818022
5818038
5818157
5819041
5819132
5819595
5820124
5820144
5820326
5820373
5822517
5823077
5823482
5823885
5824283
5826030
5826284
5826754
5827928
5827931
5828806
5830397
5831239
5831757
5832119
5834207
5836350
5836667
5836870
5837734
5838356
5838433
5838639
5839366
5839523
5839960
5840069
5840737
5840828
5841787
5842108
5844389
5844914
5845137
5845358
5846364
5847747
5847817
5848531
5849676
5849832
5850736
5853133
5854175
5854515
5854997
5855170
5855685
5857062
5857982
5858008
5858488
5860488
5860591
5860756
5860955
5860976
5862498
5862563
5862588
5863280
5864452
5865779
5866213
5866631
5867299
5868915
5870631
5870791
5871820
5872184
5873123
5873149
5874676
5876976
5877025
5878686
5879727
5880043
5883807
5884234
5885931
5887247
5887259
5888507
5888663
5891242
5892364
5892660
5892835
5892946
5894846
5894964
5897157
5898851
5899987
5900056
5900247
5901866
5902165
5902276
5903349
5908734
5911580
5912290
5912443
5912726
5912771
5913175
5913221
5914831
5918304
5919202
5919677
5921343
5923886
5926742
5926932
5927409
5927490
5928704
5929505
5930313
5930404
5931196
5932158
5932400
5936034
5936185
5938313
5938418
5939341
5939901
5940351
5940700
5942441
5944314
5945872
5946586
5947390
5949374
5950622
5951458
5951810
5952744
5953930
5954276
5954931
5955180
5955758
5956053
5956152
5956533
5957147
5957423
5958239
5958584
5958617
5958665
5960850
5961404
5962588
5963966
5964209
5966923
5967294
5968084
5968199
5969348
5969349
5969728
5969844
5970338
5971055
5972357
5973024
5975854
5976538
5976848
5977143
5977705
5977965
5978289
5978372
5980134
5981361
5982730
5983669
5984055
5984849
5985887
5986019
5986306
5987469
5988737
5989731
5990185
5992049
5993702
5995050
5995451
5995601
5996315
5996684
5997577
5998059
5998722
5999954
6000070
6000248
6001275
6004721
6005031
6005161
6006668
6007638
6008751
6009982
6010406
6011268
6012826
6013483
6014344
6015375
6016602
6018165
6018373
6019323
6019663
6020246
6021750
6022404
6023689
6024785
6025175
6026509
6027935
6030461
6032625
6033783
6035751
6035899
6036157
6036254
6036331
6036688
6037643
6039498
6039836
6040035
6040237
6042493
6045329
6046575
6046652
6048089
6048140
6048214
6048835
6048988
6050594
6051718
6051901
6053313
6053559
6054310
6055513
6056891
6057868
6059186
6059575
6060577
6060591
6060732
6060979
6063102
6064008
6064965
6065858
6066482
6067426
6070302
6071331
6071426
6071904
6072537
6073381
6073706
6074014
6075388
6076808
6078011
6078869
6079097
6079857
6079870
6080630
6081119
6083432
6083630
6084127
6084621
6084850
6086429
6086956
6089225
6090584
6091534
6092408
6092648
6093939
6095425
6096248
6096687
6098243
6098988
6100299
6100734
6101028
6102152
6103890
6104239
6104900
6105568
6106608
6107110
6107378
6108327
6108688
6111795
6111816
6112230
6112405
6112454
6112784
6120508
6120869
6120874
6120951
6122974
6123500
6123851
6125456
6125553
6125857
6126333
6126477
6128045
6128164
6128366
6128668
6128824
6132240
6132250
6133136
6134269
6134703
6134749
6135187
6135544
6137234
6142765
6143937
6146115
6147144
6147860
6148321
6150108
6151115
6151731
6152563
6154544
6156118
6157153
6158354
6159104
6159369
6159557
6160656
6160895
6161775
6162097
6163488
6165758
6165925
6166611
6167560
6168748
6169232
6169452
6169525
6170192
6172657
6174046
6174603
6175101
6175350
6177414
6179104
6180467
6182065
6182455
6182942
6184132
6184642
6184804
6185081
6185681
6185889
6186421
6187677
6187937
6188390
6189434
6190444
6190783
6191065
6191360
6192271
6193225
6194527
6194543
6197363
6197871
6200243
6203051
6203475
6206579
6209574
6210500
6211042
6211829
6212746
6213357
6213755
6214671
6214943
6214980
6216264
6217806
6219836
6222957
6223310
6223399
6225222
6225842
6227588
6229275
6229465
6229816
6230067
6230489
6230532
6230727
6232283
6232784
6234233
6235876
6236715
6236971
6238599
6241022
6242207
6242976
6243242
6243411
6243512
6243663
6243745
6244212
6244897
6249489
6250087
6250373
6250704
6251705
6256791
6256958
6257353
6258008
6258104
6258570
6266276
6269611
6270430
6271435
6272847
6273818
6274513
6275036
6276138
6276348
6277070
6277649
6279210
6281148
6281346
6281731
6283481
6283633
6283713
6285412
6286455
6287968
6288678
6288791
6289131
6291852
6294675
6297410
6297624
6297626
6298028
6301404
6301452
6302366
6302788
6302794
6303478
6303637
6305524
6306461
6307223
6308326
6308609
6308971
6309054
6309957
6310630
6310713
6311558
6312799
6314126
6315046
6315401
6315836
6315993
6316145
6317745
6318158
6319304
6319966
6320364
6321743
6321976
6322028
6322090
6322718
6323127
6323253
6323336
6323632
6323819
6327516
6327929
6328487
6330066
6331807
6332072
6332245
6333554
6334724
6337999
6339017
6339034
6340037
6340084
6340466
6341166
6341211
6341367
6341385
6341642
6344182
6344848
6345087
6346642
6347060
6350058
6350150
6350849
6351154
6351764
6352018
6352667
6353823
6355841
6355989
6356118
6356367
6358169
6363271
6364943
6366152
6367430
6367492
6368424
6368564
6369419
6371899
6372052
6373034
6373247
6373694
6373847
6374493
6374715
6374975
6375932
6376566
6378213
6382315
6383025
6383098
6384830
6384925
6385097
6386016
6387749
6388218
6390032
6391908
6391926
6392048
6394266
6394967
6395051
6395184
6396403
6396426
6398843
6399410
6399476
6400796
6402346
6403012
6404932
6405339
6405473
6405783
6408075
6408142
6408925
6410327
6410969
6412938
6413360
6413864
6414285
6418085
6418628
6418818
6419054
6419187
6419500
6419788
6420325
6420960
6422608
6423723
6424806
6427752
6427948
6428764
6429118
6429186
6429489
6431839
6434169
6434501
6435591
6436508
6437200
6440653
6440655
6440753
6444491
6445612
6446637
6446663
6447916
6448997
6449109
6450875
6452407
6453089
6455355
6457052
6458549
6460023
6460732
6462679
6462697
6462877
6463654
6463941
6463973
6464490
6466264
6467941
6468595
6472930
6473242
6473301
6474426
6474537
6475362
6475666
6475880
6476426
6478787
6479432
6480279
6480836
6481041
6481120
6481762
6482621
6485879
6487942
6489516
6490344
6490590
6490952
6490963
6491167
6492874
6493257
6493422
6493627
6493751
6493914
6493987
6494395
6494951
6495996
6496574
6497191
6499051
6499080
6501869
6502499
6502655
6503208
6504104
6504473
6505055
6505138
6505793
6506398
6506457
6506577
6506747
6506825
6509892
6510424
6512313
6514460
6514504
6514684
6515085
6515483
6517453
6517477
6517726
6520065
6520180
6520254
6522456
6523108
6523237
6523945
6525754
6528948
6529162
6530946
6532294
6533988
6534704
6535264
6535364
6535375
6536635
6536959
6537033
6538643
6539216
6539966
6539975
6540530
6542269
6543699
6544190
6545317
6545960
6546336
6547580
6547684
6551107
6551243
6551342
6551551
6552046
6552377
6553904
6554911
6556242
6558498
6558683
6558989
6559380
6560084
6561212
6562510
6562681
6565473
6566201
6566329
6566481
6567009
6567058
6569106
6570985
6571305
6572553
6572582
6573268
6573449
6574129
6574513
6575160
6576171
6582080
6584830
6588147
6588351
6591592
6591807
6593525
6593624
6594717
6595536
6596485
6596617
6597058
6597194
6598685
6599792
6601405
6601510
6602008
6602241
6604615
6605320
6607939
6608681
6609639
6609952
6612627
6613171
6614019
6615158
6615879
6618719
6619581
6620356
6621439
6622505
6623579
6624729
6625304
6625361
6625668
6626481
6628946
6630420
6630604
6630717
6633236
6635878
6638069
6640429
6641405
6641750
6642683
6643655
6644317
6644571
6645194
6645730
6646799
6647074
6647224
6647646
6648403
6648659
6648862
6651594
6654238
6654601
6655026
6655439
6655760
6656963
6657763
6658490
6659571
6659945
6660221
6662220
6662258
6663484
6664952
6665191
6665261
6665660
6666545
6667270
6667390
6667463
6668400
6670697
6672111
6672712
6674003
6674888
6675588
6676172
6678214
6678377
6679213
6681910
6683506
6686099
6686234
6688274
6690255
6690498
6690881
6691143
6691212
6691672
6691940
6696798
6697230
6698209
6698931
6700012
6703168
6705505
6705946
6709310
6710105
6711658
6714024
6714964
6715287
6716849
6717502
6718436
6718448
6719066
6721845
6723142
6723362
6724017
6724503
6724579
6724808
6724891
6725312
6725816
6725972
6726665
6726818
6727634
6727955
6732421
6733999
6734265
6735100
6739652
6740619
6740923
6741078
6742111
6744372
6745716
6746329
6747156
6748492
6748595
6750336
6750351
6751037
6754135
6754920
6757837
6758007
6759228
6759951
6760133
6760200
6760276
6761126
6763252
6764097
6764851
6764932
6765405
6765496
6765776
6766506
6766881
6768528
6768548
6769524
6770434
6770781
6770920
6771087
6771563
6773627
6773865
6774729
6775411
6775946
6778570
6779715
6780544
6780983
6781290
6781883
6782826
6783420
6784420
6784830
6788080
6788510
6788956
6789328
6790310
6791754
6791760
6793904
6794584
6794694
6795804
6796413
6797004
6798792
6798998
6799018
6800627
6800997
6801081
6801562
6802976
6803089
6803645
6804128
6806233
6806381
6806600
6808143
6809462
6810003
6810145
6811036
6812021
6814162
6815137
6815181
6815509
6816600
6816678
6817241
6817574
6818050
6819588
6820095
6821624
6822312
6824889
6825034
6825452
6825676
6826533
6826693
6826845
6827115
6827445
6829405
6829557
6832636
6833048
6834169
6834282
6838567
6838812
6840717
6841631
6842846
6845879
6845934
6850264
6850445
6850582
6851039
6851633
6852262
6852396
6852522
6855689
6857159
6857181
6857835
6860916
6861836
6863303
6864891
6867258
6868925
6869251
6869750
6870382
6872235
6872297
6872653
6873291
6873425
6873903
6874836
6876348
6876352
6876412
6877532
6878421
6878704
6879714
6880028
6880504
6881399
6882871
6883921
6884381
6886560
6886717
6887798
6889466
6889734
6890549
6891859
6893855
6894073
6894421
6895236
6895462
6895764
6895895
6896972
6897428
6898206
6900561
6902863
6904910
6905625
6906960
6907220
6908265
6908571
6908994
6909602
6910046
6916544
6916659
6917075
6921558
6921770
6922975
6923316
6924581
6925395
6926926
6927147
6928738
6928930
6930300
6930700
6932102
6932791
6933523
6933645
6934627
6934841
6936031
6936781
6939736
6940545
6941288
6941580
6942468
6942832
6942969
6943281
6943610
6943781
6944282
6946283
6946492
6947276
6947494
6947495
6949537
6949998
6950810
6954390
6955266
6956262
6956391
6956650
6956912
6959414
6961046
6961730
6966791
6966982
6967171
6967487
6968447
6968543
6968918
6968922
6969113
6969217
6970401
6973136
6973149
6973850
6975998
6976172
6976499
6977172
6977332
6977375
6977623
6977685
6979028
6984132
6986857
6987652
6988597
6988982
6989808
6990857
6990989
6991660
6992300
6993603
6994056
6994708
6995163
6995648
6995755
6995847
6997690
7001881
7003354
7003791
7003895
7005366
7008115
7008289
7008537
7009319
7009422
7009954
7012461
7014380
7014704
7016171
7017588
7018843
7020523
7021906
7022180
7022964
7026880
7027624
7027699
7027761
7028654
7029191
7029984
7030503
7031420
7031456
7031575
7032900
7034386
7034535
7035618
7035707
7036143
7038317
7040629
7040808
7041876
7042004
7043923
7044494
7044671
7044868
7045658
7047204
7048264
7048500
7049238
7050154
7052117
7052271
7052582
7053344
7053451
7053877
7054107
7054638
7055299
7055639
7056678
7057082
7057357
7057955
7058186
7058309
7060475
7061159
7061889
7062519
7064287
7064733
7066394
7067355
7068197
7068821
7068982
7068997
7069040
7069050
7069608
7070443
7070778
7072624
7073639
7074940
7075356
7076255
7076736
7079220
7079307
7079508
7080098
7083022
7084042
7084201
7085309
7085487
7086449
7087862
7090007
7090319
7091262
7091520
7091622
7092029
7092413
7093169
7093333
7093686
7093903
7093948
7095248
7096261
7096456
7097063
7098979
7101218
7102342
7102477
7106708
7106924
7107404
7107406
7108833
7110737
7113458
7113668
7115736
7117864
7119128
7119289
7120832
7122736
7122861
7123276
7124100
7125499
7125879
7127154
7131475
7131741
7131869
7132282
7132664
7132717
7132884
7133060
7133071
7133316
7133618
7133865
7134485
7134798
7134931
7135314
7135648
7136161
7136244
7137450
7138190
7140391
7142394
7142548
7146501
7147680
7147966
7148917
7149359
7150148
7150726
7152244
7152691
7153065
7153751
7153851
7154220
7154555
7154803
7155690
7156235
7156509
7156604
7159213
7162797
7162855
7164887
7165538
7165997
7166521
7168159
7169317
7169613
7170672
7171431
7172070
7174884
7175131
7175193
7175641
7177260
7181633
7182201
7182367
7182552
7183305
7185148
7185904
7187397
7188564
7189922
7189974
7190399
7194314
7194369
7194645
7196017
7196608
7197048
7197866
7198409
7198629
7199604
7199985
7200844
7201101
7201297
7203265
7204476
7204671
7205586
7205819
7206171
7206401
7206907
7207456
7207871
7211191
7211385
7212672
7213176
7214627
7215121
7215851
7217903
7218216
7218658
7220731
7223803
7224693
7226745
7226784
7228958
7229691
7230865
7231396
7233662
7234752
7235338
7235360
7235929
7236305
7238856
7239242
7241533
7242017
7243135
7243472
7243574
7244315
7244777
7245773
7246073
7246335
7246444
7247673
7248433
7248607
7249637
7250633
7250638
7251308
7251971
7252392
7253306
7253435
7254979
7255471
7255568
7256972
7257832
7259595
7261012
7261181
7261245
7261791
7261828
7262005
7262201
7262270
7264796
7264889
7265155
7265747
7266463
7266991
7267154
7269472
7270141
7270859
7271019
7272788
7273246
7274510
7275381
7276144
7278018
7278177
7280419
7280550
7281941
7282282
7284187
7284257
7284695
7285935
7287532
7288480
7290330
7290848
7291734
7292761
7293058
7293574
7294052
7296142
7296216
7296233
7296503
7296744
7296774
7296998
7297104
7298490
7299915
7300718
7302142
7303045
7304437
7304912
7305002
7305876
7306885
7307905
7312539
7313700
7313907
7314174
7314523
7315961
7316468
7317434
7318207
7320044
7320609
7323296
7325594
7328674
7330647
7330765
7334159
7334565
7334811
7335760
7337994
7338104
7339698
7340321
7341117
7342039
7342045
7342176
7342210
7342216
7345152
7348593
7349552
7350552
7351229
7351553
7351696
7352980
7353035
7353591
7353768
7354665
7354780
7355077
7357255
7360552
7360724
7363130
7363598
7365582
7366472
7367254
7367737
7368577
7369605
7369727
7369789
7372631
7373389
7375413
7376536
7376725
7377880
7378465
7379540
7379878
7380684
7381175
7383428
7383969
7384670
7385159
7385667
7385727
7385911
7385927
7386946
7387215
7388949
7389128
7389180
7389451
7390207
7390383
7390400
7391945
7392703
7392881
7393983
7394010
7394167
7395217
7395279
7395685
7396034
7397202
7397271
7397705
7398110
7398351
7398511
7399010
7399268
7400527
7401273
7403644
7403941
7404048
7404050
7404054
7406278
7410096
7410290
7410849
7411353
7411730
7412413
7412766
7414355
7414816
7415729
7415749
7420687
7420737
7420784
7423383
7423977
7424007
7425277
7425777
7427530
7427963
7428638
7429009
7429016
7429500
7430988
7431267
7433101
7433754
7434599
7434807
7437171
7438515
7441003
7441868
7442852
7442996
7443202
7444137
7445755
7447363
7447365
7449003
7449089
7449426
7449773
7451482
7452692
7453852
7454661
7454946
7455447
7455867
7455935
7456132
7458530
7458928
7459621
7460025
7460486
7463660
7465668
7465997
7466410
7466728
7466911
7468023
7469015
7471481
7471504
7472741
7473215
7473986
7474289
7475678
7475944
7476954
7477567
7478655
7479676
7480174
7480896
7481097
7481471
7481487
7481714
7481810
7482378
7482889
7483410
7484446
7486514
7486808
7487635
7488364
7489743
7490641
7490897
7490957
7492557
7492720
7492850
7495229
7497422
7498034
7499144
7500336
7501622
7503861
7504961
7506595
7506726
7508706
7508889
7510612
7511517
7511752
7511856
7512481
7512546
7513065
7514443
7516932
7517621
7518469
7522412
7522684
7522838
7523797
7524347
7525517
7525689
7526937
7527187
7527350
7529612
7531332
7532069
7532252
7532956
7534888
7535227
7536906
7537339
7537408
7542847
7542955
7543688
7544250
7544303
7544892
7545419
7546102
7547308
7547427
7548425
7549139
7549240
7549309
7549606
7550298
7551117
7556254
7556410
7556473
7558517
7562079
7562222
7562507
7566148
7567888
7567947
7568034
7569688
7569701
7569811
7570678
7571084
7572200
7575445
7575654
7579274
7579418
7581433
7581678
7581980
7582250
7583305
7583940
7584276
7584580
7584723
7586245
7586357
7587085
7589258
7590351
7590925
7593501
7596005
7596389
7596519
7597989
7598769
7599045
7599204
7601340
7602754
7604298
7604810
7606968
7607101
7607107
7607385
7607916
7608390
7609226
7610107
7612097
7612517
7613289
7613851
7613944
7614554
7614758
7615150
7616416
7617669
7621264
7621546
7621877
7622984
7625616
7626927
7627029
7627078
7630502
7630791
7630973
7632972
7633277
7633315
7635739
7635820
7635894
7637234
7638157
7638629
7638829
7639419
7640412
7640557
7641273
7641584
7643216
7643867
7644542
7645112
7645418
7645918
7647962
7649543
7650106
7651517
7652801
7655747
7656141
7656275
7656700
7657437
7658882
7658972
7659231
7661505
7663726
7663806
7664139
7666555
7667569
7669084
7672227
7674939
7675436
7679245
7679412
7680568
7681125
7683333
7684107
7684739
7685933
7685958
7686643
7687320
7687447
7687480
7687731
7687862
7691673
7692024
7692111
7692475
7694233
7694560
7696049
7696344
7697543
7698217
7700718
7702373
7703828
7704706
7704993
7706129
7707358
7707932
7708498
7709660
7709782
7713721
7714075
7714580
7714631
7714761
7715107
7715408
7715892
7716397
7718041
7720205
7720343
7720794
7721361
7722723
7723029
7723319
7723616
7724164
7724549
7726752
7727655
7728361
7728731
7730037
7730883
7731037
7731990
7732755
7734129
7738132
7738474
7738521
7739007
7744390
7748669
7748729
7749127
7749637
7749898
7750857
7752313
7752410
7753092
7753541
7753600
7754531
7755125
7755606
7755796
7762610
7762848
7765301
7765426
7765612
7765958
7766624
7767318
7767582
7769501
7770468
7771991
7772257
7773444
7773509
7773973
7775409
7775769
7776025
7776566
7777913
7779245
7780396
7780471
7782266
7783555
7785673
7785812
7786145
7786379
7786479
7787298
7788765
7789026
7789978
7791047
7791146
7793546
7796485
7798801
7799008
7799310
7799833
7801847
7804269
7805194
7805918
7806518
7806693
7806775
7807059
7810068
7812188
7814565
7814630
7816000
7816539
7816700
7818837
7821960
7822026
7822331
7822412
7823146
7824390
7824890
7824952
7825341
7825462
7825920
7826753
7826842
7827432
7827538
7827939
7828094
7829950
7830617
7830651
7830699
7836641
7837242
7837885
7837920
7838016
7838339
7841097
7842446
7842662
7842798
7843060
7843784
7844135
7845073
7845211
7845329
7845430
7846285
7847113
7848066
7849655
7849955
7850507
7851082
7851538
7852676
7854703
7855408
7856047
7856642
7856754
7857065
7857807
7857997
7859492
7860147
7861245
7861856
7862866
7863826
7864314
7865106
7866332
7866583
7866625
7867815
7867820
7868303
7869301
7870218
7870598
7875025
7875616
7876227
7876334
7878291
7881179
7881749
7881896
7882158
7883238
7884380
7884587
7884960
7886797
7887499
7887598
7888007
7888320
7888348
7889432
7890925
7891340
7892021
7892707
7893073
7893193
7893344
7896098
7896856
7898348
7898567
7898771
7899282
7899927
7900096
7901792
7902480
7902618
7903289
7903943
7904676
7905080
7907876
7908055
7913214
7915466
7918191
7920054
7920547
7921292
7922632
7923674
7924786
7925540
7926116
7929041
7932631
7933649
7934289
7935152
7935553
7935589
7936811
7936878
7938694
7939617
7941603
7942957
7943370
7943590
7945117
7946454
7948498
7949849
7949931
7950640
7951800
7952050
7953919
7953975
7956626
7957175
7957408
7957627
7957897
7958022
7958565
7960527
7961145
7962640
7963749
7963865
7964642
7968115
7968728
7968860
7968943
7972268
7973536
7974173
7974184
7974382
7975200
7975821
7976821
7977420
7978137
7981002
7981359
7982348
7982872
7982964
7983839
7984334
7984875
7985327
7986090
7986317
7986592
7987813
7988055
7989341
7989674
7990700
7991291
7992143
7992730
7993859
7994823
7995620
7996456
7997012
7998504
7999085
7999633
8000013
8001532
8002322
8002660
8002853
8003813
8005351
8005657
8007123
8009679
8010458
8011493
8011804
8011992
8012046
8012336
8012762
8013846
8014118
8014463
8014844
8015746
8016085
8016290
8017389
8017739
8018066
8018404
8018716
8018800
8019344
8020707
8021254
8022046
8022358
8023873
8024983
8025478
8025691
8028125
8028579
8029660
8029967
8030896
8031119
8031869
8034658
8035387
8036443
8036859
8037045
8038543
8039037
8040214
8045885
8045957
8047147
8048274
8053898
8054172
8057933
8059915
8060428
8061800
8062200
8062305
8064455
8064931
8066432
8067359
8067470
8067486
8067938
8068087
8069709
8070365
8071863
8074263
8074712
8074930
8076032
8076463
8077285
8077636
8078475
8078669
8079627
8079826
8080101
8080828
8081624
8082467
8083073
8083106
8083527
8084712
8085124
8088194
8088380
8088405
8088766
8093678
8093837
8094003
8094548
8097528
8097866
8098990
8099285
8102261
8103957
8104404
8105086
8105928
8106933
8107467
8107504
8107718
8108724
8109664
8110752
8111114
8111200
8111322
8115264
8116384
8117186
8118271
8118505
8122517
8123211
8124998
8125700
8127017
8127606
8128445
8129028
8130069
8130892
8131813
8133799
8133958
8138662
8139113
8139801
8141476
8142083
8142365
8144493
8145554
8145923
8146173
8146278
8147641
8147732
8150641
8153335
8154537
8154602
8157095
8159130
8160990
8161484
8163045
8165298
8167424
8169000
8170435
8172656
8173397
8177026
8177672
8178446
8179340
8180001
8180372
8181640
8182278
8182966
8183364
8183804
8185759
8185790
8186486
8186777
8187486
8187499
8187898
8191505
8193396
8193990
8194276
8194851
8197346
8197661
8197723
8198625
8200800
8207082
8208396
8208676
8211010
8211325
8212500
8213011
8213107
8213557
8214947
8215415
8216659
8216863
8217766
8217855
8217977
8218013
8218473
8218481
8219090
8219662
8220188
8220213
8221002
8226616
8227842
8228111
8228987
8230125
8230159
8230380
8230975
8231122
8231277
8232473
8233020
8235048
8237084
8238026
8239480
8240214
8240225
8240852
8241294
8242221
8242908
8243795
8244872
8247243
8248079
8248945
8249450
8249966
8250016
8250092
8251544
8251974
8251999
8252154
8252175
8252617
8253127
8253931
8254311
8254535
8255939
8256143
8256706
8257674
8259890
8261118
8261150
8263093
8263642
8264792
8265119
8265257
8267184
8267752
8267939
8269824
8270414
8270887
8272249
8273457
8275417
8275528
8276927
8277555
8280325
8280546
8280744
8282141
8282299
8282534
8282661
8282718
8284403
8284506
8284636
8286923
8288567
8289835
8290548
8290876
8293395
8294548
8296280
8296642
8296954
8299554
8302284
8304191
8305620
8306746
8307720
8308323
8309671
8310154
8311545
8315716
8315904
8317283
8317645
8319536
8320214
8320393
8320521
8321157
8322823
8323174
8323905
8326128
8326683
8327715
8327893
8328231
8329599
8329612
8330196
8332595
8332922
8335389
8336070
8336086
8338652
8339912
8341320
8341549
8342271
8342692
8343797
8344125
8344957
8345241
8345870
8345902
8346672
8347051
8347202
8347381
8349650
8349838
8350623
8352094
8352140
8353247
8353281
8353978
8354049
8354531
8355702
8357591
8358046
8358142
8359575
8360753
8362324
8365620
8369817
8371019
8371584
8371782
8371938
8372325
8375144
8375296
8375480
8376565
8377714
8377781
8378586
8379741
8379831
8379923
8382360
8382377
8383827
8384436
8385162
8388512
8391046
8392581
8392713
8393765
8393867
8394546
8395086
8395233
8395436
8395639
8396071
8396469
8397678
8398454
8398875
8398888
8400886
8404104
8404162
8405852
8406438
8406840
8409016
8409119
8412536
8413199
8413735
8416470
8416610
8416853
8416880
8416925
8418039
8418718
8419125
8419229
8424666
8427888
8428253
8428874
8429087
8429150
8429240
8429688
8430294
8430807
8430932
8432148
8432165
8433765
8434066
8434870
8435291
8438700
8439097
8439181
8439485
8440100
8442678
8443712
8444208
8444455
8445508
8445675
8446791
8447088
8447378
8448933
8449418
8449541
8450636
8454079
8454212
8455513
8456314
8456880
8457451
8458421
8460952
8462771
8463821
8464147
8468186
8468772
8469449
8469766
8470509
8470703
8472471
8472941
8474349
8474822
8475010
8475398
8476203
8478239
8480143
8481259
8482577
8483260
8483422
8486131
8488864
8489810
8489990
8490802
8490805
8491657
8493074
8494392
8495050
8496911
8497593
8498092
8500012
8500199
8501755
8503374
8504228
8504646
8505158
8505455
8506358
8506518
8507240
8507393
8508252
8508294
8510235
8510618
8511503
8512952
8515863
8517629
8517698
8518621
8519558
8521047
8521941
8522364
8522447
8525135
8525590
8526104
8527150
8527324
8528068
8528333
8528341
8529819
8530244
8532087
8532848
8536527
8538102
8538925
8539642
8539690
8541931
8542270
8543235
8543713
8545249
8545263
8546269
8547306
8549818
8550619
8551443
8551564
8556792
8557080
8557473
8560185
8560366
8560972
8562824
8562978
8563135
8564052
8564619
8564717
8565320
8565508
8565531
8567408
8567822
8569035
8569559
8570182
8570801
8571947
8573040
8573190
8573227
8573853
8575953
8577228
8580459
8580872
8581881
8582313
8582978
8583089
8583123
8584015
8584937
8586721
8587044
8588484
8589760
8590501
8594979
8596172
8598138
8598464
8600085
8603226
8603488
8604430
8605093
8605130
8605666
8606305
8606448
8606507
8606711
8606984
8607213
8607579
8607726
8607757
8609964
8610076
8612434
8614515
8615081
8615945
8616123
8617249
8621101
8622970
8625762
8627118
8628116
8630164
8630428
8630590
8630675
8630754
8630937
8630972
8631896
8632562
8632882
8633400
8636170
8637234
8640560
8640675
8641002
8642655
8642779
8643315
8643742
8643933
8644097
8644215
8644847
8645195
8646006
8646837
8647014
8648499
8650035
8650463
8650508
8650962
8651098
8653489
8654155
8654856
8655791
8656683
8656874
8657358
8658943
8659393
8659852
8660547
8662679
8662736
8663731
8665022
8665595
8666130
8667246
8668415
8668667
8671575
8672422
8673371
8673568
8674803
8675406
8675471
8678210
8678407
8678577
8679123
8679200
8679680
8679751
8679975
8680653
8682615
8682933
8683114
8683818
8684951
8685378
8686131
8688849
8688863
8690946
8692744
8693921
8694425
8695665
8697581
8697782
8699459
8700019
8703741
8705704
8706252
8707097
8708460
8709751
8709822
8710079
8716181
8718169
8718930
8720515
8720698
8722656
8723678
8724063
8724156
8724528
8725884
8726452
8726559
8726637
8727585
8728045
8728198
8728763
8729279
8729964
8731682
8732016
8732244
8733366
8733706
8734670
8735033
8735418
8735608
8736000
8736111
8737147
8737803
8738127
8738209
8740262
8740385
8741111
8741286
8741337
8741803
8741832
8743218
8743892
8744954
8745327
8746021
8746083
8746146
8746711
8747833
8748246
8748814
8750434
8752086
8753338
8753503
8754349
8754797
8757231
8758871
8759487
8760620
8761677
8761794
8761978
8762384
8763710
8764756
8764843
8764880
8765432
8766076
8767110
8767744
8768598
8768617
8768917
8769052
8769160
8770603
8773929
8775288
8776214
8777030
8777145
8777445
8780078
8780526
8780912
8781444
8782290
8783094
8783549
8785334
8788668
8792333
8793056
8793292
8793470
8795470
8796934
8797616
8797912
8797957
8798107
8798750
8800638
8801972
8805991
8806045
8808432
8808937
8809780
8810102
8810318
8811059
8813089
8813167
8813836
8815143
8815618
8815794
8816037
8816714
8817972
8819426
8820115
8820543
8822565
8823220
8823244
8824304
8824347
8826984
8828029
8829825
8830744
8831058
8831161
8831686
8831731
8832652
8834180
8838107
8838346
8838425
8838690
8841800
8842513
8842520
8842612
8842970
8843751
8844646
8844804
8845464
8845506
8847931
8847984
8850697
8851055
8851580
8851705
8854441
8856879
8858061
8858777
8859040
8859653
8860890
8861996
8862575
8862609
8863913
8865893
8866209
8867267
8867271
8867294
8869036
8869409
8870163
8870433
8870475
8870733
8871640
8871987
8872581
8874818
8875440
8875785
8878301
8879024
8882695
8884308
8884753
8884826
8885671
8886921
8887237
8888732
8888832
8889148
8889219
8889767
8891280
8893586
8893775
8894388
8895792
8897342
8897904
8898093
8898138
8899657
8900026
8900311
8901469
8902923
8904481
8905890
8906359
8907686
8907737
8908022
8908746
8910833
8911994
8912100
8912710
8913288
8913296
8913535
8913841
8914114
8914863
8915600
8918759
8919351
8920267
8920375
8922114
8923645
8925871
8926726
8927337
8927553
8928215
8928313
8928655
8929865
8931400
8932182
8932310
8934635
8935100
8935709
8936557
8938491
8938505
8938995
8939070
8939638
8941159
8942719
8943294
8945061
8945366
8945453
8945732
8946512
8946803
8949535
8949840
8953218
8953813
8954714
8956626
8956717
8957773
8957931
8958761
8958839
8958871
8959240
8960919
8961139
8961243
8962640
8963033
8963647
8964864
8964963
8965009
8965202
8967120
8968307
8968853
8968883
8969536
8969882
8970694
8970799
8971766
8971917
8972063
8972355
8973536
8973920
8974142
8974320
8974791
8975267
8975385
8977906
8980173
8980758
8981129
8982047
8983902
8983969
8986036
8986269
8986575
8986621
8987174
8988338
8988574
8988772
8989189
8989621
8990068
8990403
8991041
8992490
8995372
8996766
8997474
8999253
9000670
9001704
9001762
9002644
9003388
9004200
9004986
9005128
9007234
9008118
9008441
9013418
9013654
9014475
9014573
9014783
9015139
9015619
9016340
9018189
9019766
9020646
9021778
9022070
9023215
9023412
9024852
9026004
9026351
9028266
9028464
9030376
9030625
9030735
9032626
9032640
9033393
9033406
9033412
9033916
9034524
9034590
9034972
9035889
9035893
9036715
9037620
9040938
9043357
9043473
9044179
9045349
9046282
9046748
9048666
9048822
9048871
9049142
9052278
9052529
9053402
9054590
9054909
9055918
9058749
9059313
9059531
9059562
9059634
9059805
9060019
9061728
9062440
9065750
9066026
9067114
9068224
9068262
9068283
9069235
9069939
9071998
9072129
9072985
9073008
9073456
9075028
9076583
9078483
9079509
9079627
9079966
9080516
9081777
9082042
9082229
9082829
9085033
9085586
9088477
9089179
9090499
9090594
9091288
9091704
9091967
9095361
9095857
9097418
9098712
9099550
9099958
9100132
9100665
9102732
9104094
9104185
9104819
9104875
9105354
9108938
9109533
9112425
9115154
9115270
9116506
9116682
9116847
9117783
9120993
9121807
9121964
9124155
9125028
9126121
9126332
9129246
9129252
9131070
9131300
9131331
9131938
9133098
9133238
9133885
9135011
9135791
9135897
9136857
9137862
9139074
9139088
9139126
9139321
9139639
9139849
9140174
9142166
9142432
9142553
9143370
9144430
9144712
9145527
9145875
9145984
9146031
9146388
9146675
9149434
9149639
9149846
9151544
9153287
9156316
9157378
9157834
9157946
9159262
9161346
9164313
9165125
9165885
9167273
9168432
9169821
9170939
9172951
9173269
9176105
9176402
9178825
9180708
9181932
9182269
9183461
9185435
9186082
9186188
9186236
9188318
9188926
9189436
9189890
9190633
9191193
9191492
9191636
9193242
9194685
9194777
9195157
9195239
9196390
9196756
9197313
9197643
9198204
9199420
9200962
9203477
9204314
9204715
9204756
9205309
9205786
9205860
9206844
9208673
9208719
9210942
9211042
9211077
9213393
9213707
9214890
9215594
9216341
9217536
9219617
9219714
9220021
9220415
9220847
9221257
9221677
9223553
9223615
9224591
9225089
9225192
9226408
9226741
9227729
9227768
9227953
9228283
9231488
9235553
9235618
9236128
9236431
9236839
9237004
9239171
9239350
9239786
9240489
9241020
9241924
9242039
9242381
9242947
9243415
9243941
9244920
9245020
9245239
9245408
9245632
9245868
9247406
9247574
9247980
9249811
9249822
9250326
9251526
9251639
9252087
9253103
9255975
9256701
9257126
9259860
9261839
9262259
9262404
9264943
9265309
9265421
9266642
9266956
9267982
9268641
9269329
9269903
9272258
9272362
9273478
9273557
9273941
9274080
9274432
9275151
9276179
9276911
9278521
9278684
9279162
9280640
9280756
9281156
9281800
9282309
9283048
9284026
9284725
9285395
9287685
9288311
9289534
9290055
9292617
9293982
9294213
9294696
9295123
9296301
9297857
9302685
9303321
9303418
9305453
9307449
9307781
9309253
9309271
9310149
9310640
9311553
9311904
9314579
9315339
9316882
9317934
9319266
9319675
9319869
9319884
9323621
9324247
9325453
9326092
9326849
9327825
9328127
9328129
9328162
9328553
9328767
9328877
9329036
9329051
9329848
9330103
9330694
9333159
9338478
9339590
9339757
9339960
9340123
9341021
9341369
9343477
9344627
9346262
9346449
9348132
9348324
9348758
9350256
9351647
9352483
9354365
9355451
9357553
9360260
9360663
9361681
9362086
9362859
9363104
9363927
9364417
9364983
9365008
9365300
9366569
9368152
9369160
9369918
9371311
9371397
9371614
9371911
9374123
9377622
9377738
9377984
9378610
9378779
9378804
9380454
9380680
9380728
9380742
9382144
9382407
9382688
9383228
9385604
9386051
9386399
9388290
9389529
9391412
9392316
9393297
9394135
9394284
9394785
9395029
9395098
9395508
9395679
9396088
9396343
9396617
9397344
9397451
9397572
9399803
9400018
9400087
9400704
9402262
9402470
9403219
9405142
9408364
9408498
9408974
9409874
9410063
9411158
9412786
9413138
9413443
9414518
9415078
9417303
9420196
9420771
9420922
9421872
9423968
9424576
9424806
9424816
9424988
9425572
9425649
9426315
9426602
9427559
9428626
9428833
9429260
9429726
9430074
9430093
9430590
9430769
9432587
9432928
9433065
9434098
9434190
9435138
9435387
9436437
9438446
9438620
9438720
9439372
9441631
9441723
9444989
9445018
9446433
9446533
9447369
9449495
9450035
9450487
9450930
9451099
9452142
9453049
9453872
9454482
9454788
9454968
9455421
9455839
9456060
9456294
9456456
9457010
9457611
9458188
9458241
9458408
9458409
9459536
9459588
9462387
9462904
9463110
9463832
9464561
9467846
9469188
9470382
9470418
9471965
9472074
9472210
9472691
9473323
9474637
9475593
9475682
9475924
9477209
9478808
9479597
9479713
9479917
9481266
9481621
9482283
9483507
9484998
9486122
9486579
9487220
9488032
9488181
9488867
9490951
9490952
9490990
9491088
9491227
9491398
9493198
9493545
9495975
9496746
9497304
9497645
9497735
9499647
9500534
9500642
9502106
9502943
9503767
9503944
9504325
9504416
9505813
9506048
9506239
9506760
9508441
9508515
9508644
9508794
9509721
9510771
9511126
9512662
9512911
9513295
9513411
9513548
9514890
9515394
9515716
9516737
9519215
9519911
9520133
9521627
9523830
9528910
9529807
9531355
9531695
9532072
9535519
9536919
9537036
9537254
9538381
9539499
9540526
9542763
9542812
9544453
9544599
9545513
9545652
9546421
9546772
9546900
9548207
9548459
9551361
9552785
9553147
9553186
9555002
9555970
9556592
9557147
9557882
9558458
9558754
9560510
9562527
9563006
9563639
9563796
9565745
9565773
9566197
9566657
9567065
9568181
9568268
9570338
9571608
9572996
9572999
9573297
9574805
9575061
9575672
9576558
9578138
9579991
9580760
9580874
9581162
9582320
9582843
9583961
9584185
9584417
9585928
9586498
9587215
9587571
9588053
9589015
9589377
9589594
9590169
9591850
9591867
9592953
9593624
9593965
9594893
9598328
9601019
9601889
9602507
9604652
9604844
9604883
9604993
9607263
9607925
9608169
9608324
9608777
9611007
9611173
9612272
9613043
9613464
9613946
9616348
9617795
9617912
9619005
9620769
9621336
9622006
9622485
9623472
9623605
9623811
9624232
9624427
9625010
9625423
9625559
9627908
9628750
9629678
9630961
9631240
9631885
9632055
9634213
9634696
9634898
9635328
9636606
9637895
9638012
9639157
9640222
9641199
9641229
9641706
9642740
9644371
9644656
9649013
9649977
9650800
9651115
9651982
9655514
9655904
9659323
9659331
9659537
9659568
9660873
9662108
9662227
9662266
9662294
9662458
9664649
9665287
9665382
9666973
9667957
9670448
9671030
9671927
9672136
9672323
9672438
9673030
9673996
9674030
9677828
9681518
9681877
9682328
9683883
9684629
9684960
9685103
9685611
9685976
9686436
9686583
9687265
9687867
9693586
9693979
9694826
9697024
9697479
9697609
9699286
9702698
9703594
9703939
9704412
9704467
9704605
9705005
9706741
9707268
9707799
9708190
9708329
9708696
9709034
9709564
9710933
9711094
9713866
9714097
9714106
9715756
9715940
9717368
9717407
9718185
9718343
9718772
9719445
9722059
9722692
9723913
9724583
9724643
9724753
9725090
9726086
9727001
9727293
9727499
9727583
9729263
9729310
9730336
9732526
9732692
9734426
9735415
9735974
9736947
9740471
9741080
9742441
9742626
9743072
9744141
9744212
9746522
9747297
9747570
9748309
9748812
9748935
9750153
9751053
9751328
9751541
9753053
9753604
9754028
9754122
9754748
9755130
9756670
9757437
9758848
9758999
9759483
9760532
9761246
9762232
9764881
9764902
9765077
9765431
9769313
9770037
9771570
9773219
9773557
9773813
9774039
9775424
9777165
9779164
9779898
9780023
9782223
9784085
9784322
9784459
9785276
9785300
9785999
9786347
9786759
9793204
9796568
9800362
9803161
9804048
9804285
9805046
9805115
9805385
9805474
9805823
9806778
9806803
9807099
9807162
9807279
9807730
9808923
9809179
9810415
9810566
9811262
9811366
9812032
9812355
9812764
9812863
9812884
9812990
9813074
9813511
9813519
9814314
9816522
9818297
9818419
9823041
9823058
9823992
9824172
9825140
9825892
9828712
9829155
9829185
9829357
9829494
9829759
9830013
9830875
9831913
9832215
9832253
9832949
9837581
9839217
9839450
9841828
9845705
9845974
9849326
9850127
9850376
9850564
9850757
9851427
9851634
9852028
9852476
9853506
9854336
9857771
9858033
9861406
9861842
9861945
9863107
9863693
9864235
9864561
9866441
9867980
9869290
9869369
9869827
9870017
9871557
9871857
9872016
9872108
9872229
9872507
9872814
9874247
9874512
9875063
9875190
9875972
9877956
9878353
9878956
9880392
9880674
9881288
9881307
9883618
9884906
9885494
9885835
9886240
9887294
9888947
9890179
9890197
9890573
9890849
9890894
9891996
9893972
9894058
9894311
9895021
9896007
9896637
9897049
9897456
9898542
9900841
9900892
9901254
9901261
9901670
9901698
9902780
9902874
9904350
9904397
9904855
9905779
9905970
9905972
9906267
9907311
9908420
9908535
9909892
9910036
9911438
9911882
9913694
9914350
9914678
9915359
9915905
9917211
9918731
9919517
9920815
9922198
9922572
9924209
9924267
9924341
9924402
9924698
9925047
9925336
9925533
9925551
9926559
9927484
9927893
9928672
9928793
9928868
9930178
9930467
9931413
9931906
9932391
9933408
9933971
9934378
9934971
9934974
9935379
9936038
9936139
9939556
9940645
9941042
9941814
9943251
9944367
9946083
9946891
9947488
9950544
9950557
9950579
9951161
9952386
9952605
9952892
9954184
9956425
9957420
9958948
9959389
9960319
9960471
9961413
9961479
9967801
9969863
9970439
9971632
9971940
9973339
9974289
9974730
9975077
9975454
9975951
9976102
9976583
9977209
9977223
9978530
9980099
9980351
9982184
9982487
9984098
9985138
9986590
9987129
9987802
9988489
9990130
9991320
9991927
9992220
9994369
9994413
9994871
9995957
9996540
9996561
9996594
9998036
9998494
9999242
9999289
9999472
9999579
